case:concept:name,concept:name,time:timestamp,event_index
train_00000,Register,2025-01-01 08:00:00,0
train_00000,Check,2025-01-01 08:01:00,1
train_00000,Assess,2025-01-01 08:02:00,2
train_00000,Manual review,2025-01-01 08:03:00,3
train_00000,Rework,2025-01-01 08:04:00,4
train_00000,Assess,2025-01-01 08:05:00,5
train_00000,Decide,2025-01-01 08:06:00,6
train_00000,Notify,2025-01-01 08:07:00,7
train_00000,Archive,2025-01-01 08:08:00,8
train_00001,Register,2025-01-02 08:00:00,0
train_00001,Check,2025-01-02 08:01:00,1
train_00001,Assess,2025-01-02 08:02:00,2
train_00001,Decide,2025-01-02 08:03:00,3
train_00001,Notify,2025-01-02 08:04:00,4
train_00001,Archive,2025-01-02 08:05:00,5
train_00002,Register,2025-01-03 08:00:00,0
train_00002,Check,2025-01-03 08:01:00,1
train_00002,Assess,2025-01-03 08:02:00,2
train_00002,Manual review,2025-01-03 08:03:00,3
train_00002,Rework,2025-01-03 08:04:00,4
train_00002,Assess,2025-01-03 08:05:00,5
train_00002,Decide,2025-01-03 08:06:00,6
train_00002,Notify,2025-01-03 08:07:00,7
train_00002,Archive,2025-01-03 08:08:00,8
train_00003,Register,2025-01-04 08:00:00,0
train_00003,Check,2025-01-04 08:01:00,1
train_00003,Assess,2025-01-04 08:02:00,2
train_00003,Decide,2025-01-04 08:03:00,3
train_00003,Notify,2025-01-04 08:04:00,4
train_00003,Archive,2025-01-04 08:05:00,5
train_00004,Register,2025-01-05 08:00:00,0
train_00004,Check,2025-01-05 08:01:00,1
train_00004,Assess,2025-01-05 08:02:00,2
train_00004,Decide,2025-01-05 08:03:00,3
train_00004,Notify,2025-01-05 08:04:00,4
train_00004,Archive,2025-01-05 08:05:00,5
train_00005,Register,2025-01-06 08:00:00,0
train_00005,Check,2025-01-06 08:01:00,1
train_00005,Assess,2025-01-06 08:02:00,2
train_00005,Decide,2025-01-06 08:03:00,3
train_00005,Notify,2025-01-06 08:04:00,4
train_00005,Archive,2025-01-06 08:05:00,5
train_00006,Register,2025-01-07 08:00:00,0
train_00006,Check,2025-01-07 08:01:00,1
train_00006,Assess,2025-01-07 08:02:00,2
train_00006,Manual review,2025-01-07 08:03:00,3
train_00006,Rework,2025-01-07 08:04:00,4
train_00006,Assess,2025-01-07 08:05:00,5
train_00006,Decide,2025-01-07 08:06:00,6
train_00006,Notify,2025-01-07 08:07:00,7
train_00006,Archive,2025-01-07 08:08:00,8
train_00007,Register,2025-01-08 08:00:00,0
train_00007,Check,2025-01-08 08:01:00,1
train_00007,Assess,2025-01-08 08:02:00,2
train_00007,Manual review,2025-01-08 08:03:00,3
train_00007,Rework,2025-01-08 08:04:00,4
train_00007,Assess,2025-01-08 08:05:00,5
train_00007,Decide,2025-01-08 08:06:00,6
train_00007,Notify,2025-01-08 08:07:00,7
train_00007,Archive,2025-01-08 08:08:00,8
train_00008,Register,2025-01-09 08:00:00,0
train_00008,Check,2025-01-09 08:01:00,1
train_00008,Assess,2025-01-09 08:02:00,2
train_00008,Decide,2025-01-09 08:03:00,3
train_00008,Notify,2025-01-09 08:04:00,4
train_00008,Archive,2025-01-09 08:05:00,5
train_00009,Register,2025-01-10 08:00:00,0
train_00009,Check,2025-01-10 08:01:00,1
train_00009,Assess,2025-01-10 08:02:00,2
train_00009,Decide,2025-01-10 08:03:00,3
train_00009,Notify,2025-01-10 08:04:00,4
train_00009,Archive,2025-01-10 08:05:00,5
train_00010,Register,2025-01-11 08:00:00,0
train_00010,Check,2025-01-11 08:01:00,1
train_00010,Assess,2025-01-11 08:02:00,2
train_00010,Decide,2025-01-11 08:03:00,3
train_00010,Notify,2025-01-11 08:04:00,4
train_00010,Archive,2025-01-11 08:05:00,5
train_00011,Register,2025-01-12 08:00:00,0
train_00011,Check,2025-01-12 08:01:00,1
train_00011,Assess,2025-01-12 08:02:00,2
train_00011,Manual review,2025-01-12 08:03:00,3
train_00011,Rework,2025-01-12 08:04:00,4
train_00011,Assess,2025-01-12 08:05:00,5
train_00011,Decide,2025-01-12 08:06:00,6
train_00011,Notify,2025-01-12 08:07:00,7
train_00011,Archive,2025-01-12 08:08:00,8
train_00012,Register,2025-01-13 08:00:00,0
train_00012,Check,2025-01-13 08:01:00,1
train_00012,Assess,2025-01-13 08:02:00,2
train_00012,Manual review,2025-01-13 08:03:00,3
train_00012,Rework,2025-01-13 08:04:00,4
train_00012,Assess,2025-01-13 08:05:00,5
train_00012,Decide,2025-01-13 08:06:00,6
train_00012,Notify,2025-01-13 08:07:00,7
train_00012,Archive,2025-01-13 08:08:00,8
train_00013,Register,2025-01-14 08:00:00,0
train_00013,Check,2025-01-14 08:01:00,1
train_00013,Assess,2025-01-14 08:02:00,2
train_00013,Manual review,2025-01-14 08:03:00,3
train_00013,Rework,2025-01-14 08:04:00,4
train_00013,Assess,2025-01-14 08:05:00,5
train_00013,Decide,2025-01-14 08:06:00,6
train_00013,Notify,2025-01-14 08:07:00,7
train_00013,Archive,2025-01-14 08:08:00,8
train_00014,Register,2025-01-15 08:00:00,0
train_00014,Check,2025-01-15 08:01:00,1
train_00014,Assess,2025-01-15 08:02:00,2
train_00014,Decide,2025-01-15 08:03:00,3
train_00014,Notify,2025-01-15 08:04:00,4
train_00014,Archive,2025-01-15 08:05:00,5
train_00015,Register,2025-01-16 08:00:00,0
train_00015,Check,2025-01-16 08:01:00,1
train_00015,Assess,2025-01-16 08:02:00,2
train_00015,Decide,2025-01-16 08:03:00,3
train_00015,Notify,2025-01-16 08:04:00,4
train_00015,Archive,2025-01-16 08:05:00,5
train_00016,Register,2025-01-17 08:00:00,0
train_00016,Check,2025-01-17 08:01:00,1
train_00016,Assess,2025-01-17 08:02:00,2
train_00016,Manual review,2025-01-17 08:03:00,3
train_00016,Rework,2025-01-17 08:04:00,4
train_00016,Assess,2025-01-17 08:05:00,5
train_00016,Decide,2025-01-17 08:06:00,6
train_00016,Notify,2025-01-17 08:07:00,7
train_00016,Archive,2025-01-17 08:08:00,8
train_00017,Register,2025-01-18 08:00:00,0
train_00017,Check,2025-01-18 08:01:00,1
train_00017,Assess,2025-01-18 08:02:00,2
train_00017,Decide,2025-01-18 08:03:00,3
train_00017,Notify,2025-01-18 08:04:00,4
train_00017,Archive,2025-01-18 08:05:00,5
train_00018,Register,2025-01-19 08:00:00,0
train_00018,Check,2025-01-19 08:01:00,1
train_00018,Assess,2025-01-19 08:02:00,2
train_00018,Manual review,2025-01-19 08:03:00,3
train_00018,Rework,2025-01-19 08:04:00,4
train_00018,Assess,2025-01-19 08:05:00,5
train_00018,Decide,2025-01-19 08:06:00,6
train_00018,Notify,2025-01-19 08:07:00,7
train_00018,Archive,2025-01-19 08:08:00,8
train_00019,Register,2025-01-20 08:00:00,0
train_00019,Check,2025-01-20 08:01:00,1
train_00019,Assess,2025-01-20 08:02:00,2
train_00019,Decide,2025-01-20 08:03:00,3
train_00019,Notify,2025-01-20 08:04:00,4
train_00019,Archive,2025-01-20 08:05:00,5
train_00020,Register,2025-01-21 08:00:00,0
train_00020,Check,2025-01-21 08:01:00,1
train_00020,Assess,2025-01-21 08:02:00,2
train_00020,Manual review,2025-01-21 08:03:00,3
train_00020,Rework,2025-01-21 08:04:00,4
train_00020,Assess,2025-01-21 08:05:00,5
train_00020,Decide,2025-01-21 08:06:00,6
train_00020,Notify,2025-01-21 08:07:00,7
train_00020,Archive,2025-01-21 08:08:00,8
train_00021,Register,2025-01-22 08:00:00,0
train_00021,Check,2025-01-22 08:01:00,1
train_00021,Assess,2025-01-22 08:02:00,2
train_00021,Decide,2025-01-22 08:03:00,3
train_00021,Notify,2025-01-22 08:04:00,4
train_00021,Archive,2025-01-22 08:05:00,5
train_00022,Register,2025-01-23 08:00:00,0
train_00022,Check,2025-01-23 08:01:00,1
train_00022,Assess,2025-01-23 08:02:00,2
train_00022,Decide,2025-01-23 08:03:00,3
train_00022,Notify,2025-01-23 08:04:00,4
train_00022,Archive,2025-01-23 08:05:00,5
train_00023,Register,2025-01-24 08:00:00,0
train_00023,Check,2025-01-24 08:01:00,1
train_00023,Assess,2025-01-24 08:02:00,2
train_00023,Decide,2025-01-24 08:03:00,3
train_00023,Notify,2025-01-24 08:04:00,4
train_00023,Archive,2025-01-24 08:05:00,5
train_00024,Register,2025-01-25 08:00:00,0
train_00024,Check,2025-01-25 08:01:00,1
train_00024,Assess,2025-01-25 08:02:00,2
train_00024,Decide,2025-01-25 08:03:00,3
train_00024,Notify,2025-01-25 08:04:00,4
train_00024,Archive,2025-01-25 08:05:00,5
train_00025,Register,2025-01-26 08:00:00,0
train_00025,Check,2025-01-26 08:01:00,1
train_00025,Assess,2025-01-26 08:02:00,2
train_00025,Decide,2025-01-26 08:03:00,3
train_00025,Notify,2025-01-26 08:04:00,4
train_00025,Archive,2025-01-26 08:05:00,5
train_00026,Register,2025-01-27 08:00:00,0
train_00026,Check,2025-01-27 08:01:00,1
train_00026,Assess,2025-01-27 08:02:00,2
train_00026,Decide,2025-01-27 08:03:00,3
train_00026,Notify,2025-01-27 08:04:00,4
train_00026,Archive,2025-01-27 08:05:00,5
train_00027,Register,2025-01-28 08:00:00,0
train_00027,Check,2025-01-28 08:01:00,1
train_00027,Assess,2025-01-28 08:02:00,2
train_00027,Decide,2025-01-28 08:03:00,3
train_00027,Notify,2025-01-28 08:04:00,4
train_00027,Archive,2025-01-28 08:05:00,5
train_00028,Register,2025-01-29 08:00:00,0
train_00028,Check,2025-01-29 08:01:00,1
train_00028,Assess,2025-01-29 08:02:00,2
train_00028,Manual review,2025-01-29 08:03:00,3
train_00028,Rework,2025-01-29 08:04:00,4
train_00028,Assess,2025-01-29 08:05:00,5
train_00028,Decide,2025-01-29 08:06:00,6
train_00028,Notify,2025-01-29 08:07:00,7
train_00028,Archive,2025-01-29 08:08:00,8
train_00029,Register,2025-01-30 08:00:00,0
train_00029,Check,2025-01-30 08:01:00,1
train_00029,Assess,2025-01-30 08:02:00,2
train_00029,Decide,2025-01-30 08:03:00,3
train_00029,Notify,2025-01-30 08:04:00,4
train_00029,Archive,2025-01-30 08:05:00,5
train_00030,Register,2025-01-31 08:00:00,0
train_00030,Check,2025-01-31 08:01:00,1
train_00030,Assess,2025-01-31 08:02:00,2
train_00030,Manual review,2025-01-31 08:03:00,3
train_00030,Rework,2025-01-31 08:04:00,4
train_00030,Assess,2025-01-31 08:05:00,5
train_00030,Decide,2025-01-31 08:06:00,6
train_00030,Notify,2025-01-31 08:07:00,7
train_00030,Archive,2025-01-31 08:08:00,8
train_00031,Register,2025-02-01 08:00:00,0
train_00031,Check,2025-02-01 08:01:00,1
train_00031,Assess,2025-02-01 08:02:00,2
train_00031,Decide,2025-02-01 08:03:00,3
train_00031,Notify,2025-02-01 08:04:00,4
train_00031,Archive,2025-02-01 08:05:00,5
train_00032,Register,2025-02-02 08:00:00,0
train_00032,Check,2025-02-02 08:01:00,1
train_00032,Assess,2025-02-02 08:02:00,2
train_00032,Manual review,2025-02-02 08:03:00,3
train_00032,Rework,2025-02-02 08:04:00,4
train_00032,Assess,2025-02-02 08:05:00,5
train_00032,Decide,2025-02-02 08:06:00,6
train_00032,Notify,2025-02-02 08:07:00,7
train_00032,Archive,2025-02-02 08:08:00,8
train_00033,Register,2025-02-03 08:00:00,0
train_00033,Check,2025-02-03 08:01:00,1
train_00033,Assess,2025-02-03 08:02:00,2
train_00033,Manual review,2025-02-03 08:03:00,3
train_00033,Rework,2025-02-03 08:04:00,4
train_00033,Assess,2025-02-03 08:05:00,5
train_00033,Decide,2025-02-03 08:06:00,6
train_00033,Notify,2025-02-03 08:07:00,7
train_00033,Archive,2025-02-03 08:08:00,8
train_00034,Register,2025-02-04 08:00:00,0
train_00034,Check,2025-02-04 08:01:00,1
train_00034,Assess,2025-02-04 08:02:00,2
train_00034,Decide,2025-02-04 08:03:00,3
train_00034,Notify,2025-02-04 08:04:00,4
train_00034,Archive,2025-02-04 08:05:00,5
train_00035,Register,2025-02-05 08:00:00,0
train_00035,Check,2025-02-05 08:01:00,1
train_00035,Assess,2025-02-05 08:02:00,2
train_00035,Manual review,2025-02-05 08:03:00,3
train_00035,Rework,2025-02-05 08:04:00,4
train_00035,Assess,2025-02-05 08:05:00,5
train_00035,Decide,2025-02-05 08:06:00,6
train_00035,Notify,2025-02-05 08:07:00,7
train_00035,Archive,2025-02-05 08:08:00,8
train_00036,Register,2025-02-06 08:00:00,0
train_00036,Check,2025-02-06 08:01:00,1
train_00036,Assess,2025-02-06 08:02:00,2
train_00036,Manual review,2025-02-06 08:03:00,3
train_00036,Rework,2025-02-06 08:04:00,4
train_00036,Assess,2025-02-06 08:05:00,5
train_00036,Decide,2025-02-06 08:06:00,6
train_00036,Notify,2025-02-06 08:07:00,7
train_00036,Archive,2025-02-06 08:08:00,8
train_00037,Register,2025-02-07 08:00:00,0
train_00037,Check,2025-02-07 08:01:00,1
train_00037,Assess,2025-02-07 08:02:00,2
train_00037,Manual review,2025-02-07 08:03:00,3
train_00037,Rework,2025-02-07 08:04:00,4
train_00037,Assess,2025-02-07 08:05:00,5
train_00037,Decide,2025-02-07 08:06:00,6
train_00037,Notify,2025-02-07 08:07:00,7
train_00037,Archive,2025-02-07 08:08:00,8
train_00038,Register,2025-02-08 08:00:00,0
train_00038,Check,2025-02-08 08:01:00,1
train_00038,Assess,2025-02-08 08:02:00,2
train_00038,Decide,2025-02-08 08:03:00,3
train_00038,Notify,2025-02-08 08:04:00,4
train_00038,Archive,2025-02-08 08:05:00,5
train_00039,Register,2025-02-09 08:00:00,0
train_00039,Check,2025-02-09 08:01:00,1
train_00039,Assess,2025-02-09 08:02:00,2
train_00039,Manual review,2025-02-09 08:03:00,3
train_00039,Rework,2025-02-09 08:04:00,4
train_00039,Assess,2025-02-09 08:05:00,5
train_00039,Decide,2025-02-09 08:06:00,6
train_00039,Notify,2025-02-09 08:07:00,7
train_00039,Archive,2025-02-09 08:08:00,8
train_00040,Register,2025-02-10 08:00:00,0
train_00040,Check,2025-02-10 08:01:00,1
train_00040,Assess,2025-02-10 08:02:00,2
train_00040,Decide,2025-02-10 08:03:00,3
train_00040,Notify,2025-02-10 08:04:00,4
train_00040,Archive,2025-02-10 08:05:00,5
train_00041,Register,2025-02-11 08:00:00,0
train_00041,Check,2025-02-11 08:01:00,1
train_00041,Assess,2025-02-11 08:02:00,2
train_00041,Manual review,2025-02-11 08:03:00,3
train_00041,Rework,2025-02-11 08:04:00,4
train_00041,Assess,2025-02-11 08:05:00,5
train_00041,Decide,2025-02-11 08:06:00,6
train_00041,Notify,2025-02-11 08:07:00,7
train_00041,Archive,2025-02-11 08:08:00,8
train_00042,Register,2025-02-12 08:00:00,0
train_00042,Check,2025-02-12 08:01:00,1
train_00042,Assess,2025-02-12 08:02:00,2
train_00042,Manual review,2025-02-12 08:03:00,3
train_00042,Rework,2025-02-12 08:04:00,4
train_00042,Assess,2025-02-12 08:05:00,5
train_00042,Decide,2025-02-12 08:06:00,6
train_00042,Notify,2025-02-12 08:07:00,7
train_00042,Archive,2025-02-12 08:08:00,8
train_00043,Register,2025-02-13 08:00:00,0
train_00043,Check,2025-02-13 08:01:00,1
train_00043,Assess,2025-02-13 08:02:00,2
train_00043,Decide,2025-02-13 08:03:00,3
train_00043,Notify,2025-02-13 08:04:00,4
train_00043,Archive,2025-02-13 08:05:00,5
train_00044,Register,2025-02-14 08:00:00,0
train_00044,Check,2025-02-14 08:01:00,1
train_00044,Assess,2025-02-14 08:02:00,2
train_00044,Manual review,2025-02-14 08:03:00,3
train_00044,Rework,2025-02-14 08:04:00,4
train_00044,Assess,2025-02-14 08:05:00,5
train_00044,Decide,2025-02-14 08:06:00,6
train_00044,Notify,2025-02-14 08:07:00,7
train_00044,Archive,2025-02-14 08:08:00,8
train_00045,Register,2025-02-15 08:00:00,0
train_00045,Check,2025-02-15 08:01:00,1
train_00045,Assess,2025-02-15 08:02:00,2
train_00045,Decide,2025-02-15 08:03:00,3
train_00045,Notify,2025-02-15 08:04:00,4
train_00045,Archive,2025-02-15 08:05:00,5
train_00046,Register,2025-02-16 08:00:00,0
train_00046,Check,2025-02-16 08:01:00,1
train_00046,Assess,2025-02-16 08:02:00,2
train_00046,Manual review,2025-02-16 08:03:00,3
train_00046,Rework,2025-02-16 08:04:00,4
train_00046,Assess,2025-02-16 08:05:00,5
train_00046,Decide,2025-02-16 08:06:00,6
train_00046,Notify,2025-02-16 08:07:00,7
train_00046,Archive,2025-02-16 08:08:00,8
train_00047,Register,2025-02-17 08:00:00,0
train_00047,Check,2025-02-17 08:01:00,1
train_00047,Assess,2025-02-17 08:02:00,2
train_00047,Manual review,2025-02-17 08:03:00,3
train_00047,Rework,2025-02-17 08:04:00,4
train_00047,Assess,2025-02-17 08:05:00,5
train_00047,Decide,2025-02-17 08:06:00,6
train_00047,Notify,2025-02-17 08:07:00,7
train_00047,Archive,2025-02-17 08:08:00,8
train_00048,Register,2025-02-18 08:00:00,0
train_00048,Check,2025-02-18 08:01:00,1
train_00048,Assess,2025-02-18 08:02:00,2
train_00048,Decide,2025-02-18 08:03:00,3
train_00048,Notify,2025-02-18 08:04:00,4
train_00048,Archive,2025-02-18 08:05:00,5
train_00049,Register,2025-02-19 08:00:00,0
train_00049,Check,2025-02-19 08:01:00,1
train_00049,Assess,2025-02-19 08:02:00,2
train_00049,Decide,2025-02-19 08:03:00,3
train_00049,Notify,2025-02-19 08:04:00,4
train_00049,Archive,2025-02-19 08:05:00,5
train_00050,Register,2025-02-20 08:00:00,0
train_00050,Check,2025-02-20 08:01:00,1
train_00050,Assess,2025-02-20 08:02:00,2
train_00050,Decide,2025-02-20 08:03:00,3
train_00050,Notify,2025-02-20 08:04:00,4
train_00050,Archive,2025-02-20 08:05:00,5
train_00051,Register,2025-02-21 08:00:00,0
train_00051,Check,2025-02-21 08:01:00,1
train_00051,Assess,2025-02-21 08:02:00,2
train_00051,Manual review,2025-02-21 08:03:00,3
train_00051,Rework,2025-02-21 08:04:00,4
train_00051,Assess,2025-02-21 08:05:00,5
train_00051,Decide,2025-02-21 08:06:00,6
train_00051,Notify,2025-02-21 08:07:00,7
train_00051,Archive,2025-02-21 08:08:00,8
train_00052,Register,2025-02-22 08:00:00,0
train_00052,Check,2025-02-22 08:01:00,1
train_00052,Assess,2025-02-22 08:02:00,2
train_00052,Manual review,2025-02-22 08:03:00,3
train_00052,Rework,2025-02-22 08:04:00,4
train_00052,Assess,2025-02-22 08:05:00,5
train_00052,Decide,2025-02-22 08:06:00,6
train_00052,Notify,2025-02-22 08:07:00,7
train_00052,Archive,2025-02-22 08:08:00,8
train_00053,Register,2025-02-23 08:00:00,0
train_00053,Check,2025-02-23 08:01:00,1
train_00053,Assess,2025-02-23 08:02:00,2
train_00053,Manual review,2025-02-23 08:03:00,3
train_00053,Rework,2025-02-23 08:04:00,4
train_00053,Assess,2025-02-23 08:05:00,5
train_00053,Decide,2025-02-23 08:06:00,6
train_00053,Notify,2025-02-23 08:07:00,7
train_00053,Archive,2025-02-23 08:08:00,8
train_00054,Register,2025-02-24 08:00:00,0
train_00054,Check,2025-02-24 08:01:00,1
train_00054,Assess,2025-02-24 08:02:00,2
train_00054,Decide,2025-02-24 08:03:00,3
train_00054,Notify,2025-02-24 08:04:00,4
train_00054,Archive,2025-02-24 08:05:00,5
train_00055,Register,2025-02-25 08:00:00,0
train_00055,Check,2025-02-25 08:01:00,1
train_00055,Assess,2025-02-25 08:02:00,2
train_00055,Decide,2025-02-25 08:03:00,3
train_00055,Notify,2025-02-25 08:04:00,4
train_00055,Archive,2025-02-25 08:05:00,5
train_00056,Register,2025-02-26 08:00:00,0
train_00056,Check,2025-02-26 08:01:00,1
train_00056,Assess,2025-02-26 08:02:00,2
train_00056,Manual review,2025-02-26 08:03:00,3
train_00056,Rework,2025-02-26 08:04:00,4
train_00056,Assess,2025-02-26 08:05:00,5
train_00056,Decide,2025-02-26 08:06:00,6
train_00056,Notify,2025-02-26 08:07:00,7
train_00056,Archive,2025-02-26 08:08:00,8
train_00057,Register,2025-02-27 08:00:00,0
train_00057,Check,2025-02-27 08:01:00,1
train_00057,Assess,2025-02-27 08:02:00,2
train_00057,Manual review,2025-02-27 08:03:00,3
train_00057,Rework,2025-02-27 08:04:00,4
train_00057,Assess,2025-02-27 08:05:00,5
train_00057,Decide,2025-02-27 08:06:00,6
train_00057,Notify,2025-02-27 08:07:00,7
train_00057,Archive,2025-02-27 08:08:00,8
train_00058,Register,2025-02-28 08:00:00,0
train_00058,Check,2025-02-28 08:01:00,1
train_00058,Assess,2025-02-28 08:02:00,2
train_00058,Manual review,2025-02-28 08:03:00,3
train_00058,Rework,2025-02-28 08:04:00,4
train_00058,Assess,2025-02-28 08:05:00,5
train_00058,Decide,2025-02-28 08:06:00,6
train_00058,Notify,2025-02-28 08:07:00,7
train_00058,Archive,2025-02-28 08:08:00,8
train_00059,Register,2025-03-01 08:00:00,0
train_00059,Check,2025-03-01 08:01:00,1
train_00059,Assess,2025-03-01 08:02:00,2
train_00059,Decide,2025-03-01 08:03:00,3
train_00059,Notify,2025-03-01 08:04:00,4
train_00059,Archive,2025-03-01 08:05:00,5
train_00060,Register,2025-03-02 08:00:00,0
train_00060,Check,2025-03-02 08:01:00,1
train_00060,Assess,2025-03-02 08:02:00,2
train_00060,Manual review,2025-03-02 08:03:00,3
train_00060,Rework,2025-03-02 08:04:00,4
train_00060,Assess,2025-03-02 08:05:00,5
train_00060,Decide,2025-03-02 08:06:00,6
train_00060,Notify,2025-03-02 08:07:00,7
train_00060,Archive,2025-03-02 08:08:00,8
train_00061,Register,2025-03-03 08:00:00,0
train_00061,Check,2025-03-03 08:01:00,1
train_00061,Assess,2025-03-03 08:02:00,2
train_00061,Decide,2025-03-03 08:03:00,3
train_00061,Notify,2025-03-03 08:04:00,4
train_00061,Archive,2025-03-03 08:05:00,5
train_00062,Register,2025-03-04 08:00:00,0
train_00062,Check,2025-03-04 08:01:00,1
train_00062,Assess,2025-03-04 08:02:00,2
train_00062,Decide,2025-03-04 08:03:00,3
train_00062,Notify,2025-03-04 08:04:00,4
train_00062,Archive,2025-03-04 08:05:00,5
train_00063,Register,2025-03-05 08:00:00,0
train_00063,Check,2025-03-05 08:01:00,1
train_00063,Assess,2025-03-05 08:02:00,2
train_00063,Manual review,2025-03-05 08:03:00,3
train_00063,Rework,2025-03-05 08:04:00,4
train_00063,Assess,2025-03-05 08:05:00,5
train_00063,Decide,2025-03-05 08:06:00,6
train_00063,Notify,2025-03-05 08:07:00,7
train_00063,Archive,2025-03-05 08:08:00,8
train_00064,Register,2025-03-06 08:00:00,0
train_00064,Check,2025-03-06 08:01:00,1
train_00064,Assess,2025-03-06 08:02:00,2
train_00064,Decide,2025-03-06 08:03:00,3
train_00064,Notify,2025-03-06 08:04:00,4
train_00064,Archive,2025-03-06 08:05:00,5
train_00065,Register,2025-03-07 08:00:00,0
train_00065,Check,2025-03-07 08:01:00,1
train_00065,Assess,2025-03-07 08:02:00,2
train_00065,Manual review,2025-03-07 08:03:00,3
train_00065,Rework,2025-03-07 08:04:00,4
train_00065,Assess,2025-03-07 08:05:00,5
train_00065,Decide,2025-03-07 08:06:00,6
train_00065,Notify,2025-03-07 08:07:00,7
train_00065,Archive,2025-03-07 08:08:00,8
train_00066,Register,2025-03-08 08:00:00,0
train_00066,Check,2025-03-08 08:01:00,1
train_00066,Assess,2025-03-08 08:02:00,2
train_00066,Decide,2025-03-08 08:03:00,3
train_00066,Notify,2025-03-08 08:04:00,4
train_00066,Archive,2025-03-08 08:05:00,5
train_00067,Register,2025-03-09 08:00:00,0
train_00067,Check,2025-03-09 08:01:00,1
train_00067,Assess,2025-03-09 08:02:00,2
train_00067,Manual review,2025-03-09 08:03:00,3
train_00067,Rework,2025-03-09 08:04:00,4
train_00067,Assess,2025-03-09 08:05:00,5
train_00067,Decide,2025-03-09 08:06:00,6
train_00067,Notify,2025-03-09 08:07:00,7
train_00067,Archive,2025-03-09 08:08:00,8
train_00068,Register,2025-03-10 08:00:00,0
train_00068,Check,2025-03-10 08:01:00,1
train_00068,Assess,2025-03-10 08:02:00,2
train_00068,Decide,2025-03-10 08:03:00,3
train_00068,Notify,2025-03-10 08:04:00,4
train_00068,Archive,2025-03-10 08:05:00,5
train_00069,Register,2025-03-11 08:00:00,0
train_00069,Check,2025-03-11 08:01:00,1
train_00069,Assess,2025-03-11 08:02:00,2
train_00069,Manual review,2025-03-11 08:03:00,3
train_00069,Rework,2025-03-11 08:04:00,4
train_00069,Assess,2025-03-11 08:05:00,5
train_00069,Decide,2025-03-11 08:06:00,6
train_00069,Notify,2025-03-11 08:07:00,7
train_00069,Archive,2025-03-11 08:08:00,8
train_00070,Register,2025-03-12 08:00:00,0
train_00070,Check,2025-03-12 08:01:00,1
train_00070,Assess,2025-03-12 08:02:00,2
train_00070,Decide,2025-03-12 08:03:00,3
train_00070,Notify,2025-03-12 08:04:00,4
train_00070,Archive,2025-03-12 08:05:00,5
train_00071,Register,2025-03-13 08:00:00,0
train_00071,Check,2025-03-13 08:01:00,1
train_00071,Assess,2025-03-13 08:02:00,2
train_00071,Manual review,2025-03-13 08:03:00,3
train_00071,Rework,2025-03-13 08:04:00,4
train_00071,Assess,2025-03-13 08:05:00,5
train_00071,Decide,2025-03-13 08:06:00,6
train_00071,Notify,2025-03-13 08:07:00,7
train_00071,Archive,2025-03-13 08:08:00,8
train_00072,Register,2025-03-14 08:00:00,0
train_00072,Check,2025-03-14 08:01:00,1
train_00072,Assess,2025-03-14 08:02:00,2
train_00072,Decide,2025-03-14 08:03:00,3
train_00072,Notify,2025-03-14 08:04:00,4
train_00072,Archive,2025-03-14 08:05:00,5
train_00073,Register,2025-03-15 08:00:00,0
train_00073,Check,2025-03-15 08:01:00,1
train_00073,Assess,2025-03-15 08:02:00,2
train_00073,Decide,2025-03-15 08:03:00,3
train_00073,Notify,2025-03-15 08:04:00,4
train_00073,Archive,2025-03-15 08:05:00,5
train_00074,Register,2025-03-16 08:00:00,0
train_00074,Check,2025-03-16 08:01:00,1
train_00074,Assess,2025-03-16 08:02:00,2
train_00074,Decide,2025-03-16 08:03:00,3
train_00074,Notify,2025-03-16 08:04:00,4
train_00074,Archive,2025-03-16 08:05:00,5
train_00075,Register,2025-03-17 08:00:00,0
train_00075,Check,2025-03-17 08:01:00,1
train_00075,Assess,2025-03-17 08:02:00,2
train_00075,Manual review,2025-03-17 08:03:00,3
train_00075,Rework,2025-03-17 08:04:00,4
train_00075,Assess,2025-03-17 08:05:00,5
train_00075,Decide,2025-03-17 08:06:00,6
train_00075,Notify,2025-03-17 08:07:00,7
train_00075,Archive,2025-03-17 08:08:00,8
train_00076,Register,2025-03-18 08:00:00,0
train_00076,Check,2025-03-18 08:01:00,1
train_00076,Assess,2025-03-18 08:02:00,2
train_00076,Manual review,2025-03-18 08:03:00,3
train_00076,Rework,2025-03-18 08:04:00,4
train_00076,Assess,2025-03-18 08:05:00,5
train_00076,Decide,2025-03-18 08:06:00,6
train_00076,Notify,2025-03-18 08:07:00,7
train_00076,Archive,2025-03-18 08:08:00,8
train_00077,Register,2025-03-19 08:00:00,0
train_00077,Check,2025-03-19 08:01:00,1
train_00077,Assess,2025-03-19 08:02:00,2
train_00077,Manual review,2025-03-19 08:03:00,3
train_00077,Rework,2025-03-19 08:04:00,4
train_00077,Assess,2025-03-19 08:05:00,5
train_00077,Decide,2025-03-19 08:06:00,6
train_00077,Notify,2025-03-19 08:07:00,7
train_00077,Archive,2025-03-19 08:08:00,8
train_00078,Register,2025-03-20 08:00:00,0
train_00078,Check,2025-03-20 08:01:00,1
train_00078,Assess,2025-03-20 08:02:00,2
train_00078,Decide,2025-03-20 08:03:00,3
train_00078,Notify,2025-03-20 08:04:00,4
train_00078,Archive,2025-03-20 08:05:00,5
train_00079,Register,2025-03-21 08:00:00,0
train_00079,Check,2025-03-21 08:01:00,1
train_00079,Assess,2025-03-21 08:02:00,2
train_00079,Decide,2025-03-21 08:03:00,3
train_00079,Notify,2025-03-21 08:04:00,4
train_00079,Archive,2025-03-21 08:05:00,5
train_00080,Register,2025-03-22 08:00:00,0
train_00080,Check,2025-03-22 08:01:00,1
train_00080,Assess,2025-03-22 08:02:00,2
train_00080,Decide,2025-03-22 08:03:00,3
train_00080,Notify,2025-03-22 08:04:00,4
train_00080,Archive,2025-03-22 08:05:00,5
train_00081,Register,2025-03-23 08:00:00,0
train_00081,Check,2025-03-23 08:01:00,1
train_00081,Assess,2025-03-23 08:02:00,2
train_00081,Manual review,2025-03-23 08:03:00,3
train_00081,Rework,2025-03-23 08:04:00,4
train_00081,Assess,2025-03-23 08:05:00,5
train_00081,Decide,2025-03-23 08:06:00,6
train_00081,Notify,2025-03-23 08:07:00,7
train_00081,Archive,2025-03-23 08:08:00,8
train_00082,Register,2025-03-24 08:00:00,0
train_00082,Check,2025-03-24 08:01:00,1
train_00082,Assess,2025-03-24 08:02:00,2
train_00082,Decide,2025-03-24 08:03:00,3
train_00082,Notify,2025-03-24 08:04:00,4
train_00082,Archive,2025-03-24 08:05:00,5
train_00083,Register,2025-03-25 08:00:00,0
train_00083,Check,2025-03-25 08:01:00,1
train_00083,Assess,2025-03-25 08:02:00,2
train_00083,Manual review,2025-03-25 08:03:00,3
train_00083,Rework,2025-03-25 08:04:00,4
train_00083,Assess,2025-03-25 08:05:00,5
train_00083,Decide,2025-03-25 08:06:00,6
train_00083,Notify,2025-03-25 08:07:00,7
train_00083,Archive,2025-03-25 08:08:00,8
train_00084,Register,2025-03-26 08:00:00,0
train_00084,Check,2025-03-26 08:01:00,1
train_00084,Assess,2025-03-26 08:02:00,2
train_00084,Manual review,2025-03-26 08:03:00,3
train_00084,Rework,2025-03-26 08:04:00,4
train_00084,Assess,2025-03-26 08:05:00,5
train_00084,Decide,2025-03-26 08:06:00,6
train_00084,Notify,2025-03-26 08:07:00,7
train_00084,Archive,2025-03-26 08:08:00,8
train_00085,Register,2025-03-27 08:00:00,0
train_00085,Check,2025-03-27 08:01:00,1
train_00085,Assess,2025-03-27 08:02:00,2
train_00085,Decide,2025-03-27 08:03:00,3
train_00085,Notify,2025-03-27 08:04:00,4
train_00085,Archive,2025-03-27 08:05:00,5
train_00086,Register,2025-03-28 08:00:00,0
train_00086,Check,2025-03-28 08:01:00,1
train_00086,Assess,2025-03-28 08:02:00,2
train_00086,Manual review,2025-03-28 08:03:00,3
train_00086,Rework,2025-03-28 08:04:00,4
train_00086,Assess,2025-03-28 08:05:00,5
train_00086,Decide,2025-03-28 08:06:00,6
train_00086,Notify,2025-03-28 08:07:00,7
train_00086,Archive,2025-03-28 08:08:00,8
train_00087,Register,2025-03-29 08:00:00,0
train_00087,Check,2025-03-29 08:01:00,1
train_00087,Assess,2025-03-29 08:02:00,2
train_00087,Decide,2025-03-29 08:03:00,3
train_00087,Notify,2025-03-29 08:04:00,4
train_00087,Archive,2025-03-29 08:05:00,5
train_00088,Register,2025-03-30 08:00:00,0
train_00088,Check,2025-03-30 08:01:00,1
train_00088,Assess,2025-03-30 08:02:00,2
train_00088,Decide,2025-03-30 08:03:00,3
train_00088,Notify,2025-03-30 08:04:00,4
train_00088,Archive,2025-03-30 08:05:00,5
train_00089,Register,2025-03-31 08:00:00,0
train_00089,Check,2025-03-31 08:01:00,1
train_00089,Assess,2025-03-31 08:02:00,2
train_00089,Decide,2025-03-31 08:03:00,3
train_00089,Notify,2025-03-31 08:04:00,4
train_00089,Archive,2025-03-31 08:05:00,5
train_00090,Register,2025-04-01 08:00:00,0
train_00090,Check,2025-04-01 08:01:00,1
train_00090,Assess,2025-04-01 08:02:00,2
train_00090,Decide,2025-04-01 08:03:00,3
train_00090,Notify,2025-04-01 08:04:00,4
train_00090,Archive,2025-04-01 08:05:00,5
train_00091,Register,2025-04-02 08:00:00,0
train_00091,Check,2025-04-02 08:01:00,1
train_00091,Assess,2025-04-02 08:02:00,2
train_00091,Decide,2025-04-02 08:03:00,3
train_00091,Notify,2025-04-02 08:04:00,4
train_00091,Archive,2025-04-02 08:05:00,5
train_00092,Register,2025-04-03 08:00:00,0
train_00092,Check,2025-04-03 08:01:00,1
train_00092,Assess,2025-04-03 08:02:00,2
train_00092,Manual review,2025-04-03 08:03:00,3
train_00092,Rework,2025-04-03 08:04:00,4
train_00092,Assess,2025-04-03 08:05:00,5
train_00092,Decide,2025-04-03 08:06:00,6
train_00092,Notify,2025-04-03 08:07:00,7
train_00092,Archive,2025-04-03 08:08:00,8
train_00093,Register,2025-04-04 08:00:00,0
train_00093,Check,2025-04-04 08:01:00,1
train_00093,Assess,2025-04-04 08:02:00,2
train_00093,Decide,2025-04-04 08:03:00,3
train_00093,Notify,2025-04-04 08:04:00,4
train_00093,Archive,2025-04-04 08:05:00,5
train_00094,Register,2025-04-05 08:00:00,0
train_00094,Check,2025-04-05 08:01:00,1
train_00094,Assess,2025-04-05 08:02:00,2
train_00094,Decide,2025-04-05 08:03:00,3
train_00094,Notify,2025-04-05 08:04:00,4
train_00094,Archive,2025-04-05 08:05:00,5
train_00095,Register,2025-04-06 08:00:00,0
train_00095,Check,2025-04-06 08:01:00,1
train_00095,Assess,2025-04-06 08:02:00,2
train_00095,Decide,2025-04-06 08:03:00,3
train_00095,Notify,2025-04-06 08:04:00,4
train_00095,Archive,2025-04-06 08:05:00,5
train_00096,Register,2025-04-07 08:00:00,0
train_00096,Check,2025-04-07 08:01:00,1
train_00096,Assess,2025-04-07 08:02:00,2
train_00096,Manual review,2025-04-07 08:03:00,3
train_00096,Rework,2025-04-07 08:04:00,4
train_00096,Assess,2025-04-07 08:05:00,5
train_00096,Decide,2025-04-07 08:06:00,6
train_00096,Notify,2025-04-07 08:07:00,7
train_00096,Archive,2025-04-07 08:08:00,8
train_00097,Register,2025-04-08 08:00:00,0
train_00097,Check,2025-04-08 08:01:00,1
train_00097,Assess,2025-04-08 08:02:00,2
train_00097,Manual review,2025-04-08 08:03:00,3
train_00097,Rework,2025-04-08 08:04:00,4
train_00097,Assess,2025-04-08 08:05:00,5
train_00097,Decide,2025-04-08 08:06:00,6
train_00097,Notify,2025-04-08 08:07:00,7
train_00097,Archive,2025-04-08 08:08:00,8
train_00098,Register,2025-04-09 08:00:00,0
train_00098,Check,2025-04-09 08:01:00,1
train_00098,Assess,2025-04-09 08:02:00,2
train_00098,Manual review,2025-04-09 08:03:00,3
train_00098,Rework,2025-04-09 08:04:00,4
train_00098,Assess,2025-04-09 08:05:00,5
train_00098,Decide,2025-04-09 08:06:00,6
train_00098,Notify,2025-04-09 08:07:00,7
train_00098,Archive,2025-04-09 08:08:00,8
train_00099,Register,2025-04-10 08:00:00,0
train_00099,Check,2025-04-10 08:01:00,1
train_00099,Assess,2025-04-10 08:02:00,2
train_00099,Decide,2025-04-10 08:03:00,3
train_00099,Notify,2025-04-10 08:04:00,4
train_00099,Archive,2025-04-10 08:05:00,5
train_00100,Register,2025-04-11 08:00:00,0
train_00100,Check,2025-04-11 08:01:00,1
train_00100,Assess,2025-04-11 08:02:00,2
train_00100,Manual review,2025-04-11 08:03:00,3
train_00100,Rework,2025-04-11 08:04:00,4
train_00100,Assess,2025-04-11 08:05:00,5
train_00100,Decide,2025-04-11 08:06:00,6
train_00100,Notify,2025-04-11 08:07:00,7
train_00100,Archive,2025-04-11 08:08:00,8
train_00101,Register,2025-04-12 08:00:00,0
train_00101,Check,2025-04-12 08:01:00,1
train_00101,Assess,2025-04-12 08:02:00,2
train_00101,Decide,2025-04-12 08:03:00,3
train_00101,Notify,2025-04-12 08:04:00,4
train_00101,Archive,2025-04-12 08:05:00,5
train_00102,Register,2025-04-13 08:00:00,0
train_00102,Check,2025-04-13 08:01:00,1
train_00102,Assess,2025-04-13 08:02:00,2
train_00102,Decide,2025-04-13 08:03:00,3
train_00102,Notify,2025-04-13 08:04:00,4
train_00102,Archive,2025-04-13 08:05:00,5
train_00103,Register,2025-04-14 08:00:00,0
train_00103,Check,2025-04-14 08:01:00,1
train_00103,Assess,2025-04-14 08:02:00,2
train_00103,Decide,2025-04-14 08:03:00,3
train_00103,Notify,2025-04-14 08:04:00,4
train_00103,Archive,2025-04-14 08:05:00,5
train_00104,Register,2025-04-15 08:00:00,0
train_00104,Check,2025-04-15 08:01:00,1
train_00104,Assess,2025-04-15 08:02:00,2
train_00104,Decide,2025-04-15 08:03:00,3
train_00104,Notify,2025-04-15 08:04:00,4
train_00104,Archive,2025-04-15 08:05:00,5
train_00105,Register,2025-04-16 08:00:00,0
train_00105,Check,2025-04-16 08:01:00,1
train_00105,Assess,2025-04-16 08:02:00,2
train_00105,Decide,2025-04-16 08:03:00,3
train_00105,Notify,2025-04-16 08:04:00,4
train_00105,Archive,2025-04-16 08:05:00,5
train_00106,Register,2025-04-17 08:00:00,0
train_00106,Check,2025-04-17 08:01:00,1
train_00106,Assess,2025-04-17 08:02:00,2
train_00106,Manual review,2025-04-17 08:03:00,3
train_00106,Rework,2025-04-17 08:04:00,4
train_00106,Assess,2025-04-17 08:05:00,5
train_00106,Decide,2025-04-17 08:06:00,6
train_00106,Notify,2025-04-17 08:07:00,7
train_00106,Archive,2025-04-17 08:08:00,8
train_00107,Register,2025-04-18 08:00:00,0
train_00107,Check,2025-04-18 08:01:00,1
train_00107,Assess,2025-04-18 08:02:00,2
train_00107,Manual review,2025-04-18 08:03:00,3
train_00107,Rework,2025-04-18 08:04:00,4
train_00107,Assess,2025-04-18 08:05:00,5
train_00107,Decide,2025-04-18 08:06:00,6
train_00107,Notify,2025-04-18 08:07:00,7
train_00107,Archive,2025-04-18 08:08:00,8
train_00108,Register,2025-04-19 08:00:00,0
train_00108,Check,2025-04-19 08:01:00,1
train_00108,Assess,2025-04-19 08:02:00,2
train_00108,Decide,2025-04-19 08:03:00,3
train_00108,Notify,2025-04-19 08:04:00,4
train_00108,Archive,2025-04-19 08:05:00,5
train_00109,Register,2025-04-20 08:00:00,0
train_00109,Check,2025-04-20 08:01:00,1
train_00109,Assess,2025-04-20 08:02:00,2
train_00109,Decide,2025-04-20 08:03:00,3
train_00109,Notify,2025-04-20 08:04:00,4
train_00109,Archive,2025-04-20 08:05:00,5
train_00110,Register,2025-04-21 08:00:00,0
train_00110,Check,2025-04-21 08:01:00,1
train_00110,Assess,2025-04-21 08:02:00,2
train_00110,Decide,2025-04-21 08:03:00,3
train_00110,Notify,2025-04-21 08:04:00,4
train_00110,Archive,2025-04-21 08:05:00,5
train_00111,Register,2025-04-22 08:00:00,0
train_00111,Check,2025-04-22 08:01:00,1
train_00111,Assess,2025-04-22 08:02:00,2
train_00111,Decide,2025-04-22 08:03:00,3
train_00111,Notify,2025-04-22 08:04:00,4
train_00111,Archive,2025-04-22 08:05:00,5
train_00112,Register,2025-04-23 08:00:00,0
train_00112,Check,2025-04-23 08:01:00,1
train_00112,Assess,2025-04-23 08:02:00,2
train_00112,Manual review,2025-04-23 08:03:00,3
train_00112,Rework,2025-04-23 08:04:00,4
train_00112,Assess,2025-04-23 08:05:00,5
train_00112,Decide,2025-04-23 08:06:00,6
train_00112,Notify,2025-04-23 08:07:00,7
train_00112,Archive,2025-04-23 08:08:00,8
train_00113,Register,2025-04-24 08:00:00,0
train_00113,Check,2025-04-24 08:01:00,1
train_00113,Assess,2025-04-24 08:02:00,2
train_00113,Decide,2025-04-24 08:03:00,3
train_00113,Notify,2025-04-24 08:04:00,4
train_00113,Archive,2025-04-24 08:05:00,5
train_00114,Register,2025-04-25 08:00:00,0
train_00114,Check,2025-04-25 08:01:00,1
train_00114,Assess,2025-04-25 08:02:00,2
train_00114,Manual review,2025-04-25 08:03:00,3
train_00114,Rework,2025-04-25 08:04:00,4
train_00114,Assess,2025-04-25 08:05:00,5
train_00114,Decide,2025-04-25 08:06:00,6
train_00114,Notify,2025-04-25 08:07:00,7
train_00114,Archive,2025-04-25 08:08:00,8
train_00115,Register,2025-04-26 08:00:00,0
train_00115,Check,2025-04-26 08:01:00,1
train_00115,Assess,2025-04-26 08:02:00,2
train_00115,Decide,2025-04-26 08:03:00,3
train_00115,Notify,2025-04-26 08:04:00,4
train_00115,Archive,2025-04-26 08:05:00,5
train_00116,Register,2025-04-27 08:00:00,0
train_00116,Check,2025-04-27 08:01:00,1
train_00116,Assess,2025-04-27 08:02:00,2
train_00116,Decide,2025-04-27 08:03:00,3
train_00116,Notify,2025-04-27 08:04:00,4
train_00116,Archive,2025-04-27 08:05:00,5
train_00117,Register,2025-04-28 08:00:00,0
train_00117,Check,2025-04-28 08:01:00,1
train_00117,Assess,2025-04-28 08:02:00,2
train_00117,Decide,2025-04-28 08:03:00,3
train_00117,Notify,2025-04-28 08:04:00,4
train_00117,Archive,2025-04-28 08:05:00,5
train_00118,Register,2025-04-29 08:00:00,0
train_00118,Check,2025-04-29 08:01:00,1
train_00118,Assess,2025-04-29 08:02:00,2
train_00118,Manual review,2025-04-29 08:03:00,3
train_00118,Rework,2025-04-29 08:04:00,4
train_00118,Assess,2025-04-29 08:05:00,5
train_00118,Decide,2025-04-29 08:06:00,6
train_00118,Notify,2025-04-29 08:07:00,7
train_00118,Archive,2025-04-29 08:08:00,8
train_00119,Register,2025-04-30 08:00:00,0
train_00119,Check,2025-04-30 08:01:00,1
train_00119,Assess,2025-04-30 08:02:00,2
train_00119,Manual review,2025-04-30 08:03:00,3
train_00119,Rework,2025-04-30 08:04:00,4
train_00119,Assess,2025-04-30 08:05:00,5
train_00119,Decide,2025-04-30 08:06:00,6
train_00119,Notify,2025-04-30 08:07:00,7
train_00119,Archive,2025-04-30 08:08:00,8
train_00120,Register,2025-05-01 08:00:00,0
train_00120,Check,2025-05-01 08:01:00,1
train_00120,Assess,2025-05-01 08:02:00,2
train_00120,Decide,2025-05-01 08:03:00,3
train_00120,Notify,2025-05-01 08:04:00,4
train_00120,Archive,2025-05-01 08:05:00,5
train_00121,Register,2025-05-02 08:00:00,0
train_00121,Check,2025-05-02 08:01:00,1
train_00121,Assess,2025-05-02 08:02:00,2
train_00121,Decide,2025-05-02 08:03:00,3
train_00121,Notify,2025-05-02 08:04:00,4
train_00121,Archive,2025-05-02 08:05:00,5
train_00122,Register,2025-05-03 08:00:00,0
train_00122,Check,2025-05-03 08:01:00,1
train_00122,Assess,2025-05-03 08:02:00,2
train_00122,Decide,2025-05-03 08:03:00,3
train_00122,Notify,2025-05-03 08:04:00,4
train_00122,Archive,2025-05-03 08:05:00,5
train_00123,Register,2025-05-04 08:00:00,0
train_00123,Check,2025-05-04 08:01:00,1
train_00123,Assess,2025-05-04 08:02:00,2
train_00123,Decide,2025-05-04 08:03:00,3
train_00123,Notify,2025-05-04 08:04:00,4
train_00123,Archive,2025-05-04 08:05:00,5
train_00124,Register,2025-05-05 08:00:00,0
train_00124,Check,2025-05-05 08:01:00,1
train_00124,Assess,2025-05-05 08:02:00,2
train_00124,Manual review,2025-05-05 08:03:00,3
train_00124,Rework,2025-05-05 08:04:00,4
train_00124,Assess,2025-05-05 08:05:00,5
train_00124,Decide,2025-05-05 08:06:00,6
train_00124,Notify,2025-05-05 08:07:00,7
train_00124,Archive,2025-05-05 08:08:00,8
train_00125,Register,2025-05-06 08:00:00,0
train_00125,Check,2025-05-06 08:01:00,1
train_00125,Assess,2025-05-06 08:02:00,2
train_00125,Manual review,2025-05-06 08:03:00,3
train_00125,Rework,2025-05-06 08:04:00,4
train_00125,Assess,2025-05-06 08:05:00,5
train_00125,Decide,2025-05-06 08:06:00,6
train_00125,Notify,2025-05-06 08:07:00,7
train_00125,Archive,2025-05-06 08:08:00,8
train_00126,Register,2025-05-07 08:00:00,0
train_00126,Check,2025-05-07 08:01:00,1
train_00126,Assess,2025-05-07 08:02:00,2
train_00126,Decide,2025-05-07 08:03:00,3
train_00126,Notify,2025-05-07 08:04:00,4
train_00126,Archive,2025-05-07 08:05:00,5
train_00127,Register,2025-05-08 08:00:00,0
train_00127,Check,2025-05-08 08:01:00,1
train_00127,Assess,2025-05-08 08:02:00,2
train_00127,Decide,2025-05-08 08:03:00,3
train_00127,Notify,2025-05-08 08:04:00,4
train_00127,Archive,2025-05-08 08:05:00,5
train_00128,Register,2025-05-09 08:00:00,0
train_00128,Check,2025-05-09 08:01:00,1
train_00128,Assess,2025-05-09 08:02:00,2
train_00128,Manual review,2025-05-09 08:03:00,3
train_00128,Rework,2025-05-09 08:04:00,4
train_00128,Assess,2025-05-09 08:05:00,5
train_00128,Decide,2025-05-09 08:06:00,6
train_00128,Notify,2025-05-09 08:07:00,7
train_00128,Archive,2025-05-09 08:08:00,8
train_00129,Register,2025-05-10 08:00:00,0
train_00129,Check,2025-05-10 08:01:00,1
train_00129,Assess,2025-05-10 08:02:00,2
train_00129,Decide,2025-05-10 08:03:00,3
train_00129,Notify,2025-05-10 08:04:00,4
train_00129,Archive,2025-05-10 08:05:00,5
train_00130,Register,2025-05-11 08:00:00,0
train_00130,Check,2025-05-11 08:01:00,1
train_00130,Assess,2025-05-11 08:02:00,2
train_00130,Decide,2025-05-11 08:03:00,3
train_00130,Notify,2025-05-11 08:04:00,4
train_00130,Archive,2025-05-11 08:05:00,5
train_00131,Register,2025-05-12 08:00:00,0
train_00131,Check,2025-05-12 08:01:00,1
train_00131,Assess,2025-05-12 08:02:00,2
train_00131,Decide,2025-05-12 08:03:00,3
train_00131,Notify,2025-05-12 08:04:00,4
train_00131,Archive,2025-05-12 08:05:00,5
train_00132,Register,2025-05-13 08:00:00,0
train_00132,Check,2025-05-13 08:01:00,1
train_00132,Assess,2025-05-13 08:02:00,2
train_00132,Decide,2025-05-13 08:03:00,3
train_00132,Notify,2025-05-13 08:04:00,4
train_00132,Archive,2025-05-13 08:05:00,5
train_00133,Register,2025-05-14 08:00:00,0
train_00133,Check,2025-05-14 08:01:00,1
train_00133,Assess,2025-05-14 08:02:00,2
train_00133,Decide,2025-05-14 08:03:00,3
train_00133,Notify,2025-05-14 08:04:00,4
train_00133,Archive,2025-05-14 08:05:00,5
train_00134,Register,2025-05-15 08:00:00,0
train_00134,Check,2025-05-15 08:01:00,1
train_00134,Assess,2025-05-15 08:02:00,2
train_00134,Manual review,2025-05-15 08:03:00,3
train_00134,Rework,2025-05-15 08:04:00,4
train_00134,Assess,2025-05-15 08:05:00,5
train_00134,Decide,2025-05-15 08:06:00,6
train_00134,Notify,2025-05-15 08:07:00,7
train_00134,Archive,2025-05-15 08:08:00,8
train_00135,Register,2025-05-16 08:00:00,0
train_00135,Check,2025-05-16 08:01:00,1
train_00135,Assess,2025-05-16 08:02:00,2
train_00135,Decide,2025-05-16 08:03:00,3
train_00135,Notify,2025-05-16 08:04:00,4
train_00135,Archive,2025-05-16 08:05:00,5
train_00136,Register,2025-05-17 08:00:00,0
train_00136,Check,2025-05-17 08:01:00,1
train_00136,Assess,2025-05-17 08:02:00,2
train_00136,Manual review,2025-05-17 08:03:00,3
train_00136,Rework,2025-05-17 08:04:00,4
train_00136,Assess,2025-05-17 08:05:00,5
train_00136,Decide,2025-05-17 08:06:00,6
train_00136,Notify,2025-05-17 08:07:00,7
train_00136,Archive,2025-05-17 08:08:00,8
train_00137,Register,2025-05-18 08:00:00,0
train_00137,Check,2025-05-18 08:01:00,1
train_00137,Assess,2025-05-18 08:02:00,2
train_00137,Decide,2025-05-18 08:03:00,3
train_00137,Notify,2025-05-18 08:04:00,4
train_00137,Archive,2025-05-18 08:05:00,5
train_00138,Register,2025-05-19 08:00:00,0
train_00138,Check,2025-05-19 08:01:00,1
train_00138,Assess,2025-05-19 08:02:00,2
train_00138,Manual review,2025-05-19 08:03:00,3
train_00138,Rework,2025-05-19 08:04:00,4
train_00138,Assess,2025-05-19 08:05:00,5
train_00138,Decide,2025-05-19 08:06:00,6
train_00138,Notify,2025-05-19 08:07:00,7
train_00138,Archive,2025-05-19 08:08:00,8
train_00139,Register,2025-05-20 08:00:00,0
train_00139,Check,2025-05-20 08:01:00,1
train_00139,Assess,2025-05-20 08:02:00,2
train_00139,Decide,2025-05-20 08:03:00,3
train_00139,Notify,2025-05-20 08:04:00,4
train_00139,Archive,2025-05-20 08:05:00,5
train_00140,Register,2025-05-21 08:00:00,0
train_00140,Check,2025-05-21 08:01:00,1
train_00140,Assess,2025-05-21 08:02:00,2
train_00140,Manual review,2025-05-21 08:03:00,3
train_00140,Rework,2025-05-21 08:04:00,4
train_00140,Assess,2025-05-21 08:05:00,5
train_00140,Decide,2025-05-21 08:06:00,6
train_00140,Notify,2025-05-21 08:07:00,7
train_00140,Archive,2025-05-21 08:08:00,8
train_00141,Register,2025-05-22 08:00:00,0
train_00141,Check,2025-05-22 08:01:00,1
train_00141,Assess,2025-05-22 08:02:00,2
train_00141,Decide,2025-05-22 08:03:00,3
train_00141,Notify,2025-05-22 08:04:00,4
train_00141,Archive,2025-05-22 08:05:00,5
train_00142,Register,2025-05-23 08:00:00,0
train_00142,Check,2025-05-23 08:01:00,1
train_00142,Assess,2025-05-23 08:02:00,2
train_00142,Decide,2025-05-23 08:03:00,3
train_00142,Notify,2025-05-23 08:04:00,4
train_00142,Archive,2025-05-23 08:05:00,5
train_00143,Register,2025-05-24 08:00:00,0
train_00143,Check,2025-05-24 08:01:00,1
train_00143,Assess,2025-05-24 08:02:00,2
train_00143,Manual review,2025-05-24 08:03:00,3
train_00143,Rework,2025-05-24 08:04:00,4
train_00143,Assess,2025-05-24 08:05:00,5
train_00143,Decide,2025-05-24 08:06:00,6
train_00143,Notify,2025-05-24 08:07:00,7
train_00143,Archive,2025-05-24 08:08:00,8
train_00144,Register,2025-05-25 08:00:00,0
train_00144,Check,2025-05-25 08:01:00,1
train_00144,Assess,2025-05-25 08:02:00,2
train_00144,Manual review,2025-05-25 08:03:00,3
train_00144,Rework,2025-05-25 08:04:00,4
train_00144,Assess,2025-05-25 08:05:00,5
train_00144,Decide,2025-05-25 08:06:00,6
train_00144,Notify,2025-05-25 08:07:00,7
train_00144,Archive,2025-05-25 08:08:00,8
train_00145,Register,2025-05-26 08:00:00,0
train_00145,Check,2025-05-26 08:01:00,1
train_00145,Assess,2025-05-26 08:02:00,2
train_00145,Manual review,2025-05-26 08:03:00,3
train_00145,Rework,2025-05-26 08:04:00,4
train_00145,Assess,2025-05-26 08:05:00,5
train_00145,Decide,2025-05-26 08:06:00,6
train_00145,Notify,2025-05-26 08:07:00,7
train_00145,Archive,2025-05-26 08:08:00,8
train_00146,Register,2025-05-27 08:00:00,0
train_00146,Check,2025-05-27 08:01:00,1
train_00146,Assess,2025-05-27 08:02:00,2
train_00146,Decide,2025-05-27 08:03:00,3
train_00146,Notify,2025-05-27 08:04:00,4
train_00146,Archive,2025-05-27 08:05:00,5
train_00147,Register,2025-05-28 08:00:00,0
train_00147,Check,2025-05-28 08:01:00,1
train_00147,Assess,2025-05-28 08:02:00,2
train_00147,Decide,2025-05-28 08:03:00,3
train_00147,Notify,2025-05-28 08:04:00,4
train_00147,Archive,2025-05-28 08:05:00,5
train_00148,Register,2025-05-29 08:00:00,0
train_00148,Check,2025-05-29 08:01:00,1
train_00148,Assess,2025-05-29 08:02:00,2
train_00148,Manual review,2025-05-29 08:03:00,3
train_00148,Rework,2025-05-29 08:04:00,4
train_00148,Assess,2025-05-29 08:05:00,5
train_00148,Decide,2025-05-29 08:06:00,6
train_00148,Notify,2025-05-29 08:07:00,7
train_00148,Archive,2025-05-29 08:08:00,8
train_00149,Register,2025-05-30 08:00:00,0
train_00149,Check,2025-05-30 08:01:00,1
train_00149,Assess,2025-05-30 08:02:00,2
train_00149,Decide,2025-05-30 08:03:00,3
train_00149,Notify,2025-05-30 08:04:00,4
train_00149,Archive,2025-05-30 08:05:00,5
train_00150,Register,2025-05-31 08:00:00,0
train_00150,Check,2025-05-31 08:01:00,1
train_00150,Assess,2025-05-31 08:02:00,2
train_00150,Manual review,2025-05-31 08:03:00,3
train_00150,Rework,2025-05-31 08:04:00,4
train_00150,Assess,2025-05-31 08:05:00,5
train_00150,Decide,2025-05-31 08:06:00,6
train_00150,Notify,2025-05-31 08:07:00,7
train_00150,Archive,2025-05-31 08:08:00,8
train_00151,Register,2025-06-01 08:00:00,0
train_00151,Check,2025-06-01 08:01:00,1
train_00151,Assess,2025-06-01 08:02:00,2
train_00151,Decide,2025-06-01 08:03:00,3
train_00151,Notify,2025-06-01 08:04:00,4
train_00151,Archive,2025-06-01 08:05:00,5
train_00152,Register,2025-06-02 08:00:00,0
train_00152,Check,2025-06-02 08:01:00,1
train_00152,Assess,2025-06-02 08:02:00,2
train_00152,Decide,2025-06-02 08:03:00,3
train_00152,Notify,2025-06-02 08:04:00,4
train_00152,Archive,2025-06-02 08:05:00,5
train_00153,Register,2025-06-03 08:00:00,0
train_00153,Check,2025-06-03 08:01:00,1
train_00153,Assess,2025-06-03 08:02:00,2
train_00153,Manual review,2025-06-03 08:03:00,3
train_00153,Rework,2025-06-03 08:04:00,4
train_00153,Assess,2025-06-03 08:05:00,5
train_00153,Decide,2025-06-03 08:06:00,6
train_00153,Notify,2025-06-03 08:07:00,7
train_00153,Archive,2025-06-03 08:08:00,8
train_00154,Register,2025-06-04 08:00:00,0
train_00154,Check,2025-06-04 08:01:00,1
train_00154,Assess,2025-06-04 08:02:00,2
train_00154,Manual review,2025-06-04 08:03:00,3
train_00154,Rework,2025-06-04 08:04:00,4
train_00154,Assess,2025-06-04 08:05:00,5
train_00154,Decide,2025-06-04 08:06:00,6
train_00154,Notify,2025-06-04 08:07:00,7
train_00154,Archive,2025-06-04 08:08:00,8
train_00155,Register,2025-06-05 08:00:00,0
train_00155,Check,2025-06-05 08:01:00,1
train_00155,Assess,2025-06-05 08:02:00,2
train_00155,Decide,2025-06-05 08:03:00,3
train_00155,Notify,2025-06-05 08:04:00,4
train_00155,Archive,2025-06-05 08:05:00,5
train_00156,Register,2025-06-06 08:00:00,0
train_00156,Check,2025-06-06 08:01:00,1
train_00156,Assess,2025-06-06 08:02:00,2
train_00156,Decide,2025-06-06 08:03:00,3
train_00156,Notify,2025-06-06 08:04:00,4
train_00156,Archive,2025-06-06 08:05:00,5
train_00157,Register,2025-06-07 08:00:00,0
train_00157,Check,2025-06-07 08:01:00,1
train_00157,Assess,2025-06-07 08:02:00,2
train_00157,Decide,2025-06-07 08:03:00,3
train_00157,Notify,2025-06-07 08:04:00,4
train_00157,Archive,2025-06-07 08:05:00,5
train_00158,Register,2025-06-08 08:00:00,0
train_00158,Check,2025-06-08 08:01:00,1
train_00158,Assess,2025-06-08 08:02:00,2
train_00158,Decide,2025-06-08 08:03:00,3
train_00158,Notify,2025-06-08 08:04:00,4
train_00158,Archive,2025-06-08 08:05:00,5
train_00159,Register,2025-06-09 08:00:00,0
train_00159,Check,2025-06-09 08:01:00,1
train_00159,Assess,2025-06-09 08:02:00,2
train_00159,Decide,2025-06-09 08:03:00,3
train_00159,Notify,2025-06-09 08:04:00,4
train_00159,Archive,2025-06-09 08:05:00,5
train_00160,Register,2025-06-10 08:00:00,0
train_00160,Check,2025-06-10 08:01:00,1
train_00160,Assess,2025-06-10 08:02:00,2
train_00160,Manual review,2025-06-10 08:03:00,3
train_00160,Rework,2025-06-10 08:04:00,4
train_00160,Assess,2025-06-10 08:05:00,5
train_00160,Decide,2025-06-10 08:06:00,6
train_00160,Notify,2025-06-10 08:07:00,7
train_00160,Archive,2025-06-10 08:08:00,8
train_00161,Register,2025-06-11 08:00:00,0
train_00161,Check,2025-06-11 08:01:00,1
train_00161,Assess,2025-06-11 08:02:00,2
train_00161,Manual review,2025-06-11 08:03:00,3
train_00161,Rework,2025-06-11 08:04:00,4
train_00161,Assess,2025-06-11 08:05:00,5
train_00161,Decide,2025-06-11 08:06:00,6
train_00161,Notify,2025-06-11 08:07:00,7
train_00161,Archive,2025-06-11 08:08:00,8
train_00162,Register,2025-06-12 08:00:00,0
train_00162,Check,2025-06-12 08:01:00,1
train_00162,Assess,2025-06-12 08:02:00,2
train_00162,Decide,2025-06-12 08:03:00,3
train_00162,Notify,2025-06-12 08:04:00,4
train_00162,Archive,2025-06-12 08:05:00,5
train_00163,Register,2025-06-13 08:00:00,0
train_00163,Check,2025-06-13 08:01:00,1
train_00163,Assess,2025-06-13 08:02:00,2
train_00163,Decide,2025-06-13 08:03:00,3
train_00163,Notify,2025-06-13 08:04:00,4
train_00163,Archive,2025-06-13 08:05:00,5
train_00164,Register,2025-06-14 08:00:00,0
train_00164,Check,2025-06-14 08:01:00,1
train_00164,Assess,2025-06-14 08:02:00,2
train_00164,Decide,2025-06-14 08:03:00,3
train_00164,Notify,2025-06-14 08:04:00,4
train_00164,Archive,2025-06-14 08:05:00,5
train_00165,Register,2025-06-15 08:00:00,0
train_00165,Check,2025-06-15 08:01:00,1
train_00165,Assess,2025-06-15 08:02:00,2
train_00165,Decide,2025-06-15 08:03:00,3
train_00165,Notify,2025-06-15 08:04:00,4
train_00165,Archive,2025-06-15 08:05:00,5
train_00166,Register,2025-06-16 08:00:00,0
train_00166,Check,2025-06-16 08:01:00,1
train_00166,Assess,2025-06-16 08:02:00,2
train_00166,Decide,2025-06-16 08:03:00,3
train_00166,Notify,2025-06-16 08:04:00,4
train_00166,Archive,2025-06-16 08:05:00,5
train_00167,Register,2025-06-17 08:00:00,0
train_00167,Check,2025-06-17 08:01:00,1
train_00167,Assess,2025-06-17 08:02:00,2
train_00167,Manual review,2025-06-17 08:03:00,3
train_00167,Rework,2025-06-17 08:04:00,4
train_00167,Assess,2025-06-17 08:05:00,5
train_00167,Decide,2025-06-17 08:06:00,6
train_00167,Notify,2025-06-17 08:07:00,7
train_00167,Archive,2025-06-17 08:08:00,8
train_00168,Register,2025-06-18 08:00:00,0
train_00168,Check,2025-06-18 08:01:00,1
train_00168,Assess,2025-06-18 08:02:00,2
train_00168,Manual review,2025-06-18 08:03:00,3
train_00168,Rework,2025-06-18 08:04:00,4
train_00168,Assess,2025-06-18 08:05:00,5
train_00168,Decide,2025-06-18 08:06:00,6
train_00168,Notify,2025-06-18 08:07:00,7
train_00168,Archive,2025-06-18 08:08:00,8
train_00169,Register,2025-06-19 08:00:00,0
train_00169,Check,2025-06-19 08:01:00,1
train_00169,Assess,2025-06-19 08:02:00,2
train_00169,Manual review,2025-06-19 08:03:00,3
train_00169,Rework,2025-06-19 08:04:00,4
train_00169,Assess,2025-06-19 08:05:00,5
train_00169,Decide,2025-06-19 08:06:00,6
train_00169,Notify,2025-06-19 08:07:00,7
train_00169,Archive,2025-06-19 08:08:00,8
train_00170,Register,2025-06-20 08:00:00,0
train_00170,Check,2025-06-20 08:01:00,1
train_00170,Assess,2025-06-20 08:02:00,2
train_00170,Manual review,2025-06-20 08:03:00,3
train_00170,Rework,2025-06-20 08:04:00,4
train_00170,Assess,2025-06-20 08:05:00,5
train_00170,Decide,2025-06-20 08:06:00,6
train_00170,Notify,2025-06-20 08:07:00,7
train_00170,Archive,2025-06-20 08:08:00,8
train_00171,Register,2025-06-21 08:00:00,0
train_00171,Check,2025-06-21 08:01:00,1
train_00171,Assess,2025-06-21 08:02:00,2
train_00171,Manual review,2025-06-21 08:03:00,3
train_00171,Rework,2025-06-21 08:04:00,4
train_00171,Assess,2025-06-21 08:05:00,5
train_00171,Decide,2025-06-21 08:06:00,6
train_00171,Notify,2025-06-21 08:07:00,7
train_00171,Archive,2025-06-21 08:08:00,8
train_00172,Register,2025-06-22 08:00:00,0
train_00172,Check,2025-06-22 08:01:00,1
train_00172,Assess,2025-06-22 08:02:00,2
train_00172,Decide,2025-06-22 08:03:00,3
train_00172,Notify,2025-06-22 08:04:00,4
train_00172,Archive,2025-06-22 08:05:00,5
train_00173,Register,2025-06-23 08:00:00,0
train_00173,Check,2025-06-23 08:01:00,1
train_00173,Assess,2025-06-23 08:02:00,2
train_00173,Manual review,2025-06-23 08:03:00,3
train_00173,Rework,2025-06-23 08:04:00,4
train_00173,Assess,2025-06-23 08:05:00,5
train_00173,Decide,2025-06-23 08:06:00,6
train_00173,Notify,2025-06-23 08:07:00,7
train_00173,Archive,2025-06-23 08:08:00,8
train_00174,Register,2025-06-24 08:00:00,0
train_00174,Check,2025-06-24 08:01:00,1
train_00174,Assess,2025-06-24 08:02:00,2
train_00174,Manual review,2025-06-24 08:03:00,3
train_00174,Rework,2025-06-24 08:04:00,4
train_00174,Assess,2025-06-24 08:05:00,5
train_00174,Decide,2025-06-24 08:06:00,6
train_00174,Notify,2025-06-24 08:07:00,7
train_00174,Archive,2025-06-24 08:08:00,8
train_00175,Register,2025-06-25 08:00:00,0
train_00175,Check,2025-06-25 08:01:00,1
train_00175,Assess,2025-06-25 08:02:00,2
train_00175,Manual review,2025-06-25 08:03:00,3
train_00175,Rework,2025-06-25 08:04:00,4
train_00175,Assess,2025-06-25 08:05:00,5
train_00175,Decide,2025-06-25 08:06:00,6
train_00175,Notify,2025-06-25 08:07:00,7
train_00175,Archive,2025-06-25 08:08:00,8
train_00176,Register,2025-06-26 08:00:00,0
train_00176,Check,2025-06-26 08:01:00,1
train_00176,Assess,2025-06-26 08:02:00,2
train_00176,Manual review,2025-06-26 08:03:00,3
train_00176,Rework,2025-06-26 08:04:00,4
train_00176,Assess,2025-06-26 08:05:00,5
train_00176,Decide,2025-06-26 08:06:00,6
train_00176,Notify,2025-06-26 08:07:00,7
train_00176,Archive,2025-06-26 08:08:00,8
train_00177,Register,2025-06-27 08:00:00,0
train_00177,Check,2025-06-27 08:01:00,1
train_00177,Assess,2025-06-27 08:02:00,2
train_00177,Manual review,2025-06-27 08:03:00,3
train_00177,Rework,2025-06-27 08:04:00,4
train_00177,Assess,2025-06-27 08:05:00,5
train_00177,Decide,2025-06-27 08:06:00,6
train_00177,Notify,2025-06-27 08:07:00,7
train_00177,Archive,2025-06-27 08:08:00,8
train_00178,Register,2025-06-28 08:00:00,0
train_00178,Check,2025-06-28 08:01:00,1
train_00178,Assess,2025-06-28 08:02:00,2
train_00178,Manual review,2025-06-28 08:03:00,3
train_00178,Rework,2025-06-28 08:04:00,4
train_00178,Assess,2025-06-28 08:05:00,5
train_00178,Decide,2025-06-28 08:06:00,6
train_00178,Notify,2025-06-28 08:07:00,7
train_00178,Archive,2025-06-28 08:08:00,8
train_00179,Register,2025-06-29 08:00:00,0
train_00179,Check,2025-06-29 08:01:00,1
train_00179,Assess,2025-06-29 08:02:00,2
train_00179,Decide,2025-06-29 08:03:00,3
train_00179,Notify,2025-06-29 08:04:00,4
train_00179,Archive,2025-06-29 08:05:00,5
train_00180,Register,2025-06-30 08:00:00,0
train_00180,Check,2025-06-30 08:01:00,1
train_00180,Assess,2025-06-30 08:02:00,2
train_00180,Manual review,2025-06-30 08:03:00,3
train_00180,Rework,2025-06-30 08:04:00,4
train_00180,Assess,2025-06-30 08:05:00,5
train_00180,Decide,2025-06-30 08:06:00,6
train_00180,Notify,2025-06-30 08:07:00,7
train_00180,Archive,2025-06-30 08:08:00,8
train_00181,Register,2025-07-01 08:00:00,0
train_00181,Check,2025-07-01 08:01:00,1
train_00181,Assess,2025-07-01 08:02:00,2
train_00181,Manual review,2025-07-01 08:03:00,3
train_00181,Rework,2025-07-01 08:04:00,4
train_00181,Assess,2025-07-01 08:05:00,5
train_00181,Decide,2025-07-01 08:06:00,6
train_00181,Notify,2025-07-01 08:07:00,7
train_00181,Archive,2025-07-01 08:08:00,8
train_00182,Register,2025-07-02 08:00:00,0
train_00182,Check,2025-07-02 08:01:00,1
train_00182,Assess,2025-07-02 08:02:00,2
train_00182,Decide,2025-07-02 08:03:00,3
train_00182,Notify,2025-07-02 08:04:00,4
train_00182,Archive,2025-07-02 08:05:00,5
train_00183,Register,2025-07-03 08:00:00,0
train_00183,Check,2025-07-03 08:01:00,1
train_00183,Assess,2025-07-03 08:02:00,2
train_00183,Decide,2025-07-03 08:03:00,3
train_00183,Notify,2025-07-03 08:04:00,4
train_00183,Archive,2025-07-03 08:05:00,5
train_00184,Register,2025-07-04 08:00:00,0
train_00184,Check,2025-07-04 08:01:00,1
train_00184,Assess,2025-07-04 08:02:00,2
train_00184,Manual review,2025-07-04 08:03:00,3
train_00184,Rework,2025-07-04 08:04:00,4
train_00184,Assess,2025-07-04 08:05:00,5
train_00184,Decide,2025-07-04 08:06:00,6
train_00184,Notify,2025-07-04 08:07:00,7
train_00184,Archive,2025-07-04 08:08:00,8
train_00185,Register,2025-07-05 08:00:00,0
train_00185,Check,2025-07-05 08:01:00,1
train_00185,Assess,2025-07-05 08:02:00,2
train_00185,Manual review,2025-07-05 08:03:00,3
train_00185,Rework,2025-07-05 08:04:00,4
train_00185,Assess,2025-07-05 08:05:00,5
train_00185,Decide,2025-07-05 08:06:00,6
train_00185,Notify,2025-07-05 08:07:00,7
train_00185,Archive,2025-07-05 08:08:00,8
train_00186,Register,2025-07-06 08:00:00,0
train_00186,Check,2025-07-06 08:01:00,1
train_00186,Assess,2025-07-06 08:02:00,2
train_00186,Manual review,2025-07-06 08:03:00,3
train_00186,Rework,2025-07-06 08:04:00,4
train_00186,Assess,2025-07-06 08:05:00,5
train_00186,Decide,2025-07-06 08:06:00,6
train_00186,Notify,2025-07-06 08:07:00,7
train_00186,Archive,2025-07-06 08:08:00,8
train_00187,Register,2025-07-07 08:00:00,0
train_00187,Check,2025-07-07 08:01:00,1
train_00187,Assess,2025-07-07 08:02:00,2
train_00187,Decide,2025-07-07 08:03:00,3
train_00187,Notify,2025-07-07 08:04:00,4
train_00187,Archive,2025-07-07 08:05:00,5
train_00188,Register,2025-07-08 08:00:00,0
train_00188,Check,2025-07-08 08:01:00,1
train_00188,Assess,2025-07-08 08:02:00,2
train_00188,Decide,2025-07-08 08:03:00,3
train_00188,Notify,2025-07-08 08:04:00,4
train_00188,Archive,2025-07-08 08:05:00,5
train_00189,Register,2025-07-09 08:00:00,0
train_00189,Check,2025-07-09 08:01:00,1
train_00189,Assess,2025-07-09 08:02:00,2
train_00189,Decide,2025-07-09 08:03:00,3
train_00189,Notify,2025-07-09 08:04:00,4
train_00189,Archive,2025-07-09 08:05:00,5
train_00190,Register,2025-07-10 08:00:00,0
train_00190,Check,2025-07-10 08:01:00,1
train_00190,Assess,2025-07-10 08:02:00,2
train_00190,Manual review,2025-07-10 08:03:00,3
train_00190,Rework,2025-07-10 08:04:00,4
train_00190,Assess,2025-07-10 08:05:00,5
train_00190,Decide,2025-07-10 08:06:00,6
train_00190,Notify,2025-07-10 08:07:00,7
train_00190,Archive,2025-07-10 08:08:00,8
train_00191,Register,2025-07-11 08:00:00,0
train_00191,Check,2025-07-11 08:01:00,1
train_00191,Assess,2025-07-11 08:02:00,2
train_00191,Manual review,2025-07-11 08:03:00,3
train_00191,Rework,2025-07-11 08:04:00,4
train_00191,Assess,2025-07-11 08:05:00,5
train_00191,Decide,2025-07-11 08:06:00,6
train_00191,Notify,2025-07-11 08:07:00,7
train_00191,Archive,2025-07-11 08:08:00,8
train_00192,Register,2025-07-12 08:00:00,0
train_00192,Check,2025-07-12 08:01:00,1
train_00192,Assess,2025-07-12 08:02:00,2
train_00192,Manual review,2025-07-12 08:03:00,3
train_00192,Rework,2025-07-12 08:04:00,4
train_00192,Assess,2025-07-12 08:05:00,5
train_00192,Decide,2025-07-12 08:06:00,6
train_00192,Notify,2025-07-12 08:07:00,7
train_00192,Archive,2025-07-12 08:08:00,8
train_00193,Register,2025-07-13 08:00:00,0
train_00193,Check,2025-07-13 08:01:00,1
train_00193,Assess,2025-07-13 08:02:00,2
train_00193,Decide,2025-07-13 08:03:00,3
train_00193,Notify,2025-07-13 08:04:00,4
train_00193,Archive,2025-07-13 08:05:00,5
train_00194,Register,2025-07-14 08:00:00,0
train_00194,Check,2025-07-14 08:01:00,1
train_00194,Assess,2025-07-14 08:02:00,2
train_00194,Manual review,2025-07-14 08:03:00,3
train_00194,Rework,2025-07-14 08:04:00,4
train_00194,Assess,2025-07-14 08:05:00,5
train_00194,Decide,2025-07-14 08:06:00,6
train_00194,Notify,2025-07-14 08:07:00,7
train_00194,Archive,2025-07-14 08:08:00,8
train_00195,Register,2025-07-15 08:00:00,0
train_00195,Check,2025-07-15 08:01:00,1
train_00195,Assess,2025-07-15 08:02:00,2
train_00195,Manual review,2025-07-15 08:03:00,3
train_00195,Rework,2025-07-15 08:04:00,4
train_00195,Assess,2025-07-15 08:05:00,5
train_00195,Decide,2025-07-15 08:06:00,6
train_00195,Notify,2025-07-15 08:07:00,7
train_00195,Archive,2025-07-15 08:08:00,8
train_00196,Register,2025-07-16 08:00:00,0
train_00196,Check,2025-07-16 08:01:00,1
train_00196,Assess,2025-07-16 08:02:00,2
train_00196,Decide,2025-07-16 08:03:00,3
train_00196,Notify,2025-07-16 08:04:00,4
train_00196,Archive,2025-07-16 08:05:00,5
train_00197,Register,2025-07-17 08:00:00,0
train_00197,Check,2025-07-17 08:01:00,1
train_00197,Assess,2025-07-17 08:02:00,2
train_00197,Decide,2025-07-17 08:03:00,3
train_00197,Notify,2025-07-17 08:04:00,4
train_00197,Archive,2025-07-17 08:05:00,5
train_00198,Register,2025-07-18 08:00:00,0
train_00198,Check,2025-07-18 08:01:00,1
train_00198,Assess,2025-07-18 08:02:00,2
train_00198,Decide,2025-07-18 08:03:00,3
train_00198,Notify,2025-07-18 08:04:00,4
train_00198,Archive,2025-07-18 08:05:00,5
train_00199,Register,2025-07-19 08:00:00,0
train_00199,Check,2025-07-19 08:01:00,1
train_00199,Assess,2025-07-19 08:02:00,2
train_00199,Decide,2025-07-19 08:03:00,3
train_00199,Notify,2025-07-19 08:04:00,4
train_00199,Archive,2025-07-19 08:05:00,5
train_00200,Register,2025-07-20 08:00:00,0
train_00200,Check,2025-07-20 08:01:00,1
train_00200,Assess,2025-07-20 08:02:00,2
train_00200,Decide,2025-07-20 08:03:00,3
train_00200,Notify,2025-07-20 08:04:00,4
train_00200,Archive,2025-07-20 08:05:00,5
train_00201,Register,2025-07-21 08:00:00,0
train_00201,Check,2025-07-21 08:01:00,1
train_00201,Assess,2025-07-21 08:02:00,2
train_00201,Manual review,2025-07-21 08:03:00,3
train_00201,Rework,2025-07-21 08:04:00,4
train_00201,Assess,2025-07-21 08:05:00,5
train_00201,Decide,2025-07-21 08:06:00,6
train_00201,Notify,2025-07-21 08:07:00,7
train_00201,Archive,2025-07-21 08:08:00,8
train_00202,Register,2025-07-22 08:00:00,0
train_00202,Check,2025-07-22 08:01:00,1
train_00202,Assess,2025-07-22 08:02:00,2
train_00202,Manual review,2025-07-22 08:03:00,3
train_00202,Rework,2025-07-22 08:04:00,4
train_00202,Assess,2025-07-22 08:05:00,5
train_00202,Decide,2025-07-22 08:06:00,6
train_00202,Notify,2025-07-22 08:07:00,7
train_00202,Archive,2025-07-22 08:08:00,8
train_00203,Register,2025-07-23 08:00:00,0
train_00203,Check,2025-07-23 08:01:00,1
train_00203,Assess,2025-07-23 08:02:00,2
train_00203,Manual review,2025-07-23 08:03:00,3
train_00203,Rework,2025-07-23 08:04:00,4
train_00203,Assess,2025-07-23 08:05:00,5
train_00203,Decide,2025-07-23 08:06:00,6
train_00203,Notify,2025-07-23 08:07:00,7
train_00203,Archive,2025-07-23 08:08:00,8
train_00204,Register,2025-07-24 08:00:00,0
train_00204,Check,2025-07-24 08:01:00,1
train_00204,Assess,2025-07-24 08:02:00,2
train_00204,Manual review,2025-07-24 08:03:00,3
train_00204,Rework,2025-07-24 08:04:00,4
train_00204,Assess,2025-07-24 08:05:00,5
train_00204,Decide,2025-07-24 08:06:00,6
train_00204,Notify,2025-07-24 08:07:00,7
train_00204,Archive,2025-07-24 08:08:00,8
train_00205,Register,2025-07-25 08:00:00,0
train_00205,Check,2025-07-25 08:01:00,1
train_00205,Assess,2025-07-25 08:02:00,2
train_00205,Decide,2025-07-25 08:03:00,3
train_00205,Notify,2025-07-25 08:04:00,4
train_00205,Archive,2025-07-25 08:05:00,5
train_00206,Register,2025-07-26 08:00:00,0
train_00206,Check,2025-07-26 08:01:00,1
train_00206,Assess,2025-07-26 08:02:00,2
train_00206,Decide,2025-07-26 08:03:00,3
train_00206,Notify,2025-07-26 08:04:00,4
train_00206,Archive,2025-07-26 08:05:00,5
train_00207,Register,2025-07-27 08:00:00,0
train_00207,Check,2025-07-27 08:01:00,1
train_00207,Assess,2025-07-27 08:02:00,2
train_00207,Manual review,2025-07-27 08:03:00,3
train_00207,Rework,2025-07-27 08:04:00,4
train_00207,Assess,2025-07-27 08:05:00,5
train_00207,Decide,2025-07-27 08:06:00,6
train_00207,Notify,2025-07-27 08:07:00,7
train_00207,Archive,2025-07-27 08:08:00,8
train_00208,Register,2025-07-28 08:00:00,0
train_00208,Check,2025-07-28 08:01:00,1
train_00208,Assess,2025-07-28 08:02:00,2
train_00208,Decide,2025-07-28 08:03:00,3
train_00208,Notify,2025-07-28 08:04:00,4
train_00208,Archive,2025-07-28 08:05:00,5
train_00209,Register,2025-07-29 08:00:00,0
train_00209,Check,2025-07-29 08:01:00,1
train_00209,Assess,2025-07-29 08:02:00,2
train_00209,Decide,2025-07-29 08:03:00,3
train_00209,Notify,2025-07-29 08:04:00,4
train_00209,Archive,2025-07-29 08:05:00,5
train_00210,Register,2025-07-30 08:00:00,0
train_00210,Check,2025-07-30 08:01:00,1
train_00210,Assess,2025-07-30 08:02:00,2
train_00210,Manual review,2025-07-30 08:03:00,3
train_00210,Rework,2025-07-30 08:04:00,4
train_00210,Assess,2025-07-30 08:05:00,5
train_00210,Decide,2025-07-30 08:06:00,6
train_00210,Notify,2025-07-30 08:07:00,7
train_00210,Archive,2025-07-30 08:08:00,8
train_00211,Register,2025-07-31 08:00:00,0
train_00211,Check,2025-07-31 08:01:00,1
train_00211,Assess,2025-07-31 08:02:00,2
train_00211,Decide,2025-07-31 08:03:00,3
train_00211,Notify,2025-07-31 08:04:00,4
train_00211,Archive,2025-07-31 08:05:00,5
train_00212,Register,2025-08-01 08:00:00,0
train_00212,Check,2025-08-01 08:01:00,1
train_00212,Assess,2025-08-01 08:02:00,2
train_00212,Decide,2025-08-01 08:03:00,3
train_00212,Notify,2025-08-01 08:04:00,4
train_00212,Archive,2025-08-01 08:05:00,5
train_00213,Register,2025-08-02 08:00:00,0
train_00213,Check,2025-08-02 08:01:00,1
train_00213,Assess,2025-08-02 08:02:00,2
train_00213,Decide,2025-08-02 08:03:00,3
train_00213,Notify,2025-08-02 08:04:00,4
train_00213,Archive,2025-08-02 08:05:00,5
train_00214,Register,2025-08-03 08:00:00,0
train_00214,Check,2025-08-03 08:01:00,1
train_00214,Assess,2025-08-03 08:02:00,2
train_00214,Decide,2025-08-03 08:03:00,3
train_00214,Notify,2025-08-03 08:04:00,4
train_00214,Archive,2025-08-03 08:05:00,5
train_00215,Register,2025-08-04 08:00:00,0
train_00215,Check,2025-08-04 08:01:00,1
train_00215,Assess,2025-08-04 08:02:00,2
train_00215,Manual review,2025-08-04 08:03:00,3
train_00215,Rework,2025-08-04 08:04:00,4
train_00215,Assess,2025-08-04 08:05:00,5
train_00215,Decide,2025-08-04 08:06:00,6
train_00215,Notify,2025-08-04 08:07:00,7
train_00215,Archive,2025-08-04 08:08:00,8
train_00216,Register,2025-08-05 08:00:00,0
train_00216,Check,2025-08-05 08:01:00,1
train_00216,Assess,2025-08-05 08:02:00,2
train_00216,Decide,2025-08-05 08:03:00,3
train_00216,Notify,2025-08-05 08:04:00,4
train_00216,Archive,2025-08-05 08:05:00,5
train_00217,Register,2025-08-06 08:00:00,0
train_00217,Check,2025-08-06 08:01:00,1
train_00217,Assess,2025-08-06 08:02:00,2
train_00217,Decide,2025-08-06 08:03:00,3
train_00217,Notify,2025-08-06 08:04:00,4
train_00217,Archive,2025-08-06 08:05:00,5
train_00218,Register,2025-08-07 08:00:00,0
train_00218,Check,2025-08-07 08:01:00,1
train_00218,Assess,2025-08-07 08:02:00,2
train_00218,Decide,2025-08-07 08:03:00,3
train_00218,Notify,2025-08-07 08:04:00,4
train_00218,Archive,2025-08-07 08:05:00,5
train_00219,Register,2025-08-08 08:00:00,0
train_00219,Check,2025-08-08 08:01:00,1
train_00219,Assess,2025-08-08 08:02:00,2
train_00219,Decide,2025-08-08 08:03:00,3
train_00219,Notify,2025-08-08 08:04:00,4
train_00219,Archive,2025-08-08 08:05:00,5
train_00220,Register,2025-08-09 08:00:00,0
train_00220,Check,2025-08-09 08:01:00,1
train_00220,Assess,2025-08-09 08:02:00,2
train_00220,Manual review,2025-08-09 08:03:00,3
train_00220,Rework,2025-08-09 08:04:00,4
train_00220,Assess,2025-08-09 08:05:00,5
train_00220,Decide,2025-08-09 08:06:00,6
train_00220,Notify,2025-08-09 08:07:00,7
train_00220,Archive,2025-08-09 08:08:00,8
train_00221,Register,2025-08-10 08:00:00,0
train_00221,Check,2025-08-10 08:01:00,1
train_00221,Assess,2025-08-10 08:02:00,2
train_00221,Decide,2025-08-10 08:03:00,3
train_00221,Notify,2025-08-10 08:04:00,4
train_00221,Archive,2025-08-10 08:05:00,5
train_00222,Register,2025-08-11 08:00:00,0
train_00222,Check,2025-08-11 08:01:00,1
train_00222,Assess,2025-08-11 08:02:00,2
train_00222,Decide,2025-08-11 08:03:00,3
train_00222,Notify,2025-08-11 08:04:00,4
train_00222,Archive,2025-08-11 08:05:00,5
train_00223,Register,2025-08-12 08:00:00,0
train_00223,Check,2025-08-12 08:01:00,1
train_00223,Assess,2025-08-12 08:02:00,2
train_00223,Decide,2025-08-12 08:03:00,3
train_00223,Notify,2025-08-12 08:04:00,4
train_00223,Archive,2025-08-12 08:05:00,5
train_00224,Register,2025-08-13 08:00:00,0
train_00224,Check,2025-08-13 08:01:00,1
train_00224,Assess,2025-08-13 08:02:00,2
train_00224,Decide,2025-08-13 08:03:00,3
train_00224,Notify,2025-08-13 08:04:00,4
train_00224,Archive,2025-08-13 08:05:00,5
train_00225,Register,2025-08-14 08:00:00,0
train_00225,Check,2025-08-14 08:01:00,1
train_00225,Assess,2025-08-14 08:02:00,2
train_00225,Decide,2025-08-14 08:03:00,3
train_00225,Notify,2025-08-14 08:04:00,4
train_00225,Archive,2025-08-14 08:05:00,5
train_00226,Register,2025-08-15 08:00:00,0
train_00226,Check,2025-08-15 08:01:00,1
train_00226,Assess,2025-08-15 08:02:00,2
train_00226,Manual review,2025-08-15 08:03:00,3
train_00226,Rework,2025-08-15 08:04:00,4
train_00226,Assess,2025-08-15 08:05:00,5
train_00226,Decide,2025-08-15 08:06:00,6
train_00226,Notify,2025-08-15 08:07:00,7
train_00226,Archive,2025-08-15 08:08:00,8
train_00227,Register,2025-08-16 08:00:00,0
train_00227,Check,2025-08-16 08:01:00,1
train_00227,Assess,2025-08-16 08:02:00,2
train_00227,Decide,2025-08-16 08:03:00,3
train_00227,Notify,2025-08-16 08:04:00,4
train_00227,Archive,2025-08-16 08:05:00,5
train_00228,Register,2025-08-17 08:00:00,0
train_00228,Check,2025-08-17 08:01:00,1
train_00228,Assess,2025-08-17 08:02:00,2
train_00228,Decide,2025-08-17 08:03:00,3
train_00228,Notify,2025-08-17 08:04:00,4
train_00228,Archive,2025-08-17 08:05:00,5
train_00229,Register,2025-08-18 08:00:00,0
train_00229,Check,2025-08-18 08:01:00,1
train_00229,Assess,2025-08-18 08:02:00,2
train_00229,Manual review,2025-08-18 08:03:00,3
train_00229,Rework,2025-08-18 08:04:00,4
train_00229,Assess,2025-08-18 08:05:00,5
train_00229,Decide,2025-08-18 08:06:00,6
train_00229,Notify,2025-08-18 08:07:00,7
train_00229,Archive,2025-08-18 08:08:00,8
train_00230,Register,2025-08-19 08:00:00,0
train_00230,Check,2025-08-19 08:01:00,1
train_00230,Assess,2025-08-19 08:02:00,2
train_00230,Manual review,2025-08-19 08:03:00,3
train_00230,Rework,2025-08-19 08:04:00,4
train_00230,Assess,2025-08-19 08:05:00,5
train_00230,Decide,2025-08-19 08:06:00,6
train_00230,Notify,2025-08-19 08:07:00,7
train_00230,Archive,2025-08-19 08:08:00,8
train_00231,Register,2025-08-20 08:00:00,0
train_00231,Check,2025-08-20 08:01:00,1
train_00231,Assess,2025-08-20 08:02:00,2
train_00231,Decide,2025-08-20 08:03:00,3
train_00231,Notify,2025-08-20 08:04:00,4
train_00231,Archive,2025-08-20 08:05:00,5
train_00232,Register,2025-08-21 08:00:00,0
train_00232,Check,2025-08-21 08:01:00,1
train_00232,Assess,2025-08-21 08:02:00,2
train_00232,Manual review,2025-08-21 08:03:00,3
train_00232,Rework,2025-08-21 08:04:00,4
train_00232,Assess,2025-08-21 08:05:00,5
train_00232,Decide,2025-08-21 08:06:00,6
train_00232,Notify,2025-08-21 08:07:00,7
train_00232,Archive,2025-08-21 08:08:00,8
train_00233,Register,2025-08-22 08:00:00,0
train_00233,Check,2025-08-22 08:01:00,1
train_00233,Assess,2025-08-22 08:02:00,2
train_00233,Decide,2025-08-22 08:03:00,3
train_00233,Notify,2025-08-22 08:04:00,4
train_00233,Archive,2025-08-22 08:05:00,5
train_00234,Register,2025-08-23 08:00:00,0
train_00234,Check,2025-08-23 08:01:00,1
train_00234,Assess,2025-08-23 08:02:00,2
train_00234,Manual review,2025-08-23 08:03:00,3
train_00234,Rework,2025-08-23 08:04:00,4
train_00234,Assess,2025-08-23 08:05:00,5
train_00234,Decide,2025-08-23 08:06:00,6
train_00234,Notify,2025-08-23 08:07:00,7
train_00234,Archive,2025-08-23 08:08:00,8
train_00235,Register,2025-08-24 08:00:00,0
train_00235,Check,2025-08-24 08:01:00,1
train_00235,Assess,2025-08-24 08:02:00,2
train_00235,Manual review,2025-08-24 08:03:00,3
train_00235,Rework,2025-08-24 08:04:00,4
train_00235,Assess,2025-08-24 08:05:00,5
train_00235,Decide,2025-08-24 08:06:00,6
train_00235,Notify,2025-08-24 08:07:00,7
train_00235,Archive,2025-08-24 08:08:00,8
train_00236,Register,2025-08-25 08:00:00,0
train_00236,Check,2025-08-25 08:01:00,1
train_00236,Assess,2025-08-25 08:02:00,2
train_00236,Manual review,2025-08-25 08:03:00,3
train_00236,Rework,2025-08-25 08:04:00,4
train_00236,Assess,2025-08-25 08:05:00,5
train_00236,Decide,2025-08-25 08:06:00,6
train_00236,Notify,2025-08-25 08:07:00,7
train_00236,Archive,2025-08-25 08:08:00,8
train_00237,Register,2025-08-26 08:00:00,0
train_00237,Check,2025-08-26 08:01:00,1
train_00237,Assess,2025-08-26 08:02:00,2
train_00237,Decide,2025-08-26 08:03:00,3
train_00237,Notify,2025-08-26 08:04:00,4
train_00237,Archive,2025-08-26 08:05:00,5
train_00238,Register,2025-08-27 08:00:00,0
train_00238,Check,2025-08-27 08:01:00,1
train_00238,Assess,2025-08-27 08:02:00,2
train_00238,Decide,2025-08-27 08:03:00,3
train_00238,Notify,2025-08-27 08:04:00,4
train_00238,Archive,2025-08-27 08:05:00,5
train_00239,Register,2025-08-28 08:00:00,0
train_00239,Check,2025-08-28 08:01:00,1
train_00239,Assess,2025-08-28 08:02:00,2
train_00239,Decide,2025-08-28 08:03:00,3
train_00239,Notify,2025-08-28 08:04:00,4
train_00239,Archive,2025-08-28 08:05:00,5
train_00240,Register,2025-08-29 08:00:00,0
train_00240,Check,2025-08-29 08:01:00,1
train_00240,Assess,2025-08-29 08:02:00,2
train_00240,Decide,2025-08-29 08:03:00,3
train_00240,Notify,2025-08-29 08:04:00,4
train_00240,Archive,2025-08-29 08:05:00,5
train_00241,Register,2025-08-30 08:00:00,0
train_00241,Check,2025-08-30 08:01:00,1
train_00241,Assess,2025-08-30 08:02:00,2
train_00241,Decide,2025-08-30 08:03:00,3
train_00241,Notify,2025-08-30 08:04:00,4
train_00241,Archive,2025-08-30 08:05:00,5
train_00242,Register,2025-08-31 08:00:00,0
train_00242,Check,2025-08-31 08:01:00,1
train_00242,Assess,2025-08-31 08:02:00,2
train_00242,Decide,2025-08-31 08:03:00,3
train_00242,Notify,2025-08-31 08:04:00,4
train_00242,Archive,2025-08-31 08:05:00,5
train_00243,Register,2025-09-01 08:00:00,0
train_00243,Check,2025-09-01 08:01:00,1
train_00243,Assess,2025-09-01 08:02:00,2
train_00243,Manual review,2025-09-01 08:03:00,3
train_00243,Rework,2025-09-01 08:04:00,4
train_00243,Assess,2025-09-01 08:05:00,5
train_00243,Decide,2025-09-01 08:06:00,6
train_00243,Notify,2025-09-01 08:07:00,7
train_00243,Archive,2025-09-01 08:08:00,8
train_00244,Register,2025-09-02 08:00:00,0
train_00244,Check,2025-09-02 08:01:00,1
train_00244,Assess,2025-09-02 08:02:00,2
train_00244,Manual review,2025-09-02 08:03:00,3
train_00244,Rework,2025-09-02 08:04:00,4
train_00244,Assess,2025-09-02 08:05:00,5
train_00244,Decide,2025-09-02 08:06:00,6
train_00244,Notify,2025-09-02 08:07:00,7
train_00244,Archive,2025-09-02 08:08:00,8
train_00245,Register,2025-09-03 08:00:00,0
train_00245,Check,2025-09-03 08:01:00,1
train_00245,Assess,2025-09-03 08:02:00,2
train_00245,Decide,2025-09-03 08:03:00,3
train_00245,Notify,2025-09-03 08:04:00,4
train_00245,Archive,2025-09-03 08:05:00,5
train_00246,Register,2025-09-04 08:00:00,0
train_00246,Check,2025-09-04 08:01:00,1
train_00246,Assess,2025-09-04 08:02:00,2
train_00246,Decide,2025-09-04 08:03:00,3
train_00246,Notify,2025-09-04 08:04:00,4
train_00246,Archive,2025-09-04 08:05:00,5
train_00247,Register,2025-09-05 08:00:00,0
train_00247,Check,2025-09-05 08:01:00,1
train_00247,Assess,2025-09-05 08:02:00,2
train_00247,Decide,2025-09-05 08:03:00,3
train_00247,Notify,2025-09-05 08:04:00,4
train_00247,Archive,2025-09-05 08:05:00,5
train_00248,Register,2025-09-06 08:00:00,0
train_00248,Check,2025-09-06 08:01:00,1
train_00248,Assess,2025-09-06 08:02:00,2
train_00248,Manual review,2025-09-06 08:03:00,3
train_00248,Rework,2025-09-06 08:04:00,4
train_00248,Assess,2025-09-06 08:05:00,5
train_00248,Decide,2025-09-06 08:06:00,6
train_00248,Notify,2025-09-06 08:07:00,7
train_00248,Archive,2025-09-06 08:08:00,8
train_00249,Register,2025-09-07 08:00:00,0
train_00249,Check,2025-09-07 08:01:00,1
train_00249,Assess,2025-09-07 08:02:00,2
train_00249,Manual review,2025-09-07 08:03:00,3
train_00249,Rework,2025-09-07 08:04:00,4
train_00249,Assess,2025-09-07 08:05:00,5
train_00249,Decide,2025-09-07 08:06:00,6
train_00249,Notify,2025-09-07 08:07:00,7
train_00249,Archive,2025-09-07 08:08:00,8
train_00250,Register,2025-09-08 08:00:00,0
train_00250,Check,2025-09-08 08:01:00,1
train_00250,Assess,2025-09-08 08:02:00,2
train_00250,Manual review,2025-09-08 08:03:00,3
train_00250,Rework,2025-09-08 08:04:00,4
train_00250,Assess,2025-09-08 08:05:00,5
train_00250,Decide,2025-09-08 08:06:00,6
train_00250,Notify,2025-09-08 08:07:00,7
train_00250,Archive,2025-09-08 08:08:00,8
train_00251,Register,2025-09-09 08:00:00,0
train_00251,Check,2025-09-09 08:01:00,1
train_00251,Assess,2025-09-09 08:02:00,2
train_00251,Manual review,2025-09-09 08:03:00,3
train_00251,Rework,2025-09-09 08:04:00,4
train_00251,Assess,2025-09-09 08:05:00,5
train_00251,Decide,2025-09-09 08:06:00,6
train_00251,Notify,2025-09-09 08:07:00,7
train_00251,Archive,2025-09-09 08:08:00,8
train_00252,Register,2025-09-10 08:00:00,0
train_00252,Check,2025-09-10 08:01:00,1
train_00252,Assess,2025-09-10 08:02:00,2
train_00252,Manual review,2025-09-10 08:03:00,3
train_00252,Rework,2025-09-10 08:04:00,4
train_00252,Assess,2025-09-10 08:05:00,5
train_00252,Decide,2025-09-10 08:06:00,6
train_00252,Notify,2025-09-10 08:07:00,7
train_00252,Archive,2025-09-10 08:08:00,8
train_00253,Register,2025-09-11 08:00:00,0
train_00253,Check,2025-09-11 08:01:00,1
train_00253,Assess,2025-09-11 08:02:00,2
train_00253,Manual review,2025-09-11 08:03:00,3
train_00253,Rework,2025-09-11 08:04:00,4
train_00253,Assess,2025-09-11 08:05:00,5
train_00253,Decide,2025-09-11 08:06:00,6
train_00253,Notify,2025-09-11 08:07:00,7
train_00253,Archive,2025-09-11 08:08:00,8
train_00254,Register,2025-09-12 08:00:00,0
train_00254,Check,2025-09-12 08:01:00,1
train_00254,Assess,2025-09-12 08:02:00,2
train_00254,Manual review,2025-09-12 08:03:00,3
train_00254,Rework,2025-09-12 08:04:00,4
train_00254,Assess,2025-09-12 08:05:00,5
train_00254,Decide,2025-09-12 08:06:00,6
train_00254,Notify,2025-09-12 08:07:00,7
train_00254,Archive,2025-09-12 08:08:00,8
train_00255,Register,2025-09-13 08:00:00,0
train_00255,Check,2025-09-13 08:01:00,1
train_00255,Assess,2025-09-13 08:02:00,2
train_00255,Decide,2025-09-13 08:03:00,3
train_00255,Notify,2025-09-13 08:04:00,4
train_00255,Archive,2025-09-13 08:05:00,5
train_00256,Register,2025-09-14 08:00:00,0
train_00256,Check,2025-09-14 08:01:00,1
train_00256,Assess,2025-09-14 08:02:00,2
train_00256,Manual review,2025-09-14 08:03:00,3
train_00256,Rework,2025-09-14 08:04:00,4
train_00256,Assess,2025-09-14 08:05:00,5
train_00256,Decide,2025-09-14 08:06:00,6
train_00256,Notify,2025-09-14 08:07:00,7
train_00256,Archive,2025-09-14 08:08:00,8
train_00257,Register,2025-09-15 08:00:00,0
train_00257,Check,2025-09-15 08:01:00,1
train_00257,Assess,2025-09-15 08:02:00,2
train_00257,Decide,2025-09-15 08:03:00,3
train_00257,Notify,2025-09-15 08:04:00,4
train_00257,Archive,2025-09-15 08:05:00,5
train_00258,Register,2025-09-16 08:00:00,0
train_00258,Check,2025-09-16 08:01:00,1
train_00258,Assess,2025-09-16 08:02:00,2
train_00258,Decide,2025-09-16 08:03:00,3
train_00258,Notify,2025-09-16 08:04:00,4
train_00258,Archive,2025-09-16 08:05:00,5
train_00259,Register,2025-09-17 08:00:00,0
train_00259,Check,2025-09-17 08:01:00,1
train_00259,Assess,2025-09-17 08:02:00,2
train_00259,Manual review,2025-09-17 08:03:00,3
train_00259,Rework,2025-09-17 08:04:00,4
train_00259,Assess,2025-09-17 08:05:00,5
train_00259,Decide,2025-09-17 08:06:00,6
train_00259,Notify,2025-09-17 08:07:00,7
train_00259,Archive,2025-09-17 08:08:00,8
train_00260,Register,2025-09-18 08:00:00,0
train_00260,Check,2025-09-18 08:01:00,1
train_00260,Assess,2025-09-18 08:02:00,2
train_00260,Decide,2025-09-18 08:03:00,3
train_00260,Notify,2025-09-18 08:04:00,4
train_00260,Archive,2025-09-18 08:05:00,5
train_00261,Register,2025-09-19 08:00:00,0
train_00261,Check,2025-09-19 08:01:00,1
train_00261,Assess,2025-09-19 08:02:00,2
train_00261,Manual review,2025-09-19 08:03:00,3
train_00261,Rework,2025-09-19 08:04:00,4
train_00261,Assess,2025-09-19 08:05:00,5
train_00261,Decide,2025-09-19 08:06:00,6
train_00261,Notify,2025-09-19 08:07:00,7
train_00261,Archive,2025-09-19 08:08:00,8
train_00262,Register,2025-09-20 08:00:00,0
train_00262,Check,2025-09-20 08:01:00,1
train_00262,Assess,2025-09-20 08:02:00,2
train_00262,Decide,2025-09-20 08:03:00,3
train_00262,Notify,2025-09-20 08:04:00,4
train_00262,Archive,2025-09-20 08:05:00,5
train_00263,Register,2025-09-21 08:00:00,0
train_00263,Check,2025-09-21 08:01:00,1
train_00263,Assess,2025-09-21 08:02:00,2
train_00263,Manual review,2025-09-21 08:03:00,3
train_00263,Rework,2025-09-21 08:04:00,4
train_00263,Assess,2025-09-21 08:05:00,5
train_00263,Decide,2025-09-21 08:06:00,6
train_00263,Notify,2025-09-21 08:07:00,7
train_00263,Archive,2025-09-21 08:08:00,8
train_00264,Register,2025-09-22 08:00:00,0
train_00264,Check,2025-09-22 08:01:00,1
train_00264,Assess,2025-09-22 08:02:00,2
train_00264,Manual review,2025-09-22 08:03:00,3
train_00264,Rework,2025-09-22 08:04:00,4
train_00264,Assess,2025-09-22 08:05:00,5
train_00264,Decide,2025-09-22 08:06:00,6
train_00264,Notify,2025-09-22 08:07:00,7
train_00264,Archive,2025-09-22 08:08:00,8
train_00265,Register,2025-09-23 08:00:00,0
train_00265,Check,2025-09-23 08:01:00,1
train_00265,Assess,2025-09-23 08:02:00,2
train_00265,Decide,2025-09-23 08:03:00,3
train_00265,Notify,2025-09-23 08:04:00,4
train_00265,Archive,2025-09-23 08:05:00,5
train_00266,Register,2025-09-24 08:00:00,0
train_00266,Check,2025-09-24 08:01:00,1
train_00266,Assess,2025-09-24 08:02:00,2
train_00266,Decide,2025-09-24 08:03:00,3
train_00266,Notify,2025-09-24 08:04:00,4
train_00266,Archive,2025-09-24 08:05:00,5
train_00267,Register,2025-09-25 08:00:00,0
train_00267,Check,2025-09-25 08:01:00,1
train_00267,Assess,2025-09-25 08:02:00,2
train_00267,Decide,2025-09-25 08:03:00,3
train_00267,Notify,2025-09-25 08:04:00,4
train_00267,Archive,2025-09-25 08:05:00,5
train_00268,Register,2025-09-26 08:00:00,0
train_00268,Check,2025-09-26 08:01:00,1
train_00268,Assess,2025-09-26 08:02:00,2
train_00268,Manual review,2025-09-26 08:03:00,3
train_00268,Rework,2025-09-26 08:04:00,4
train_00268,Assess,2025-09-26 08:05:00,5
train_00268,Decide,2025-09-26 08:06:00,6
train_00268,Notify,2025-09-26 08:07:00,7
train_00268,Archive,2025-09-26 08:08:00,8
train_00269,Register,2025-09-27 08:00:00,0
train_00269,Check,2025-09-27 08:01:00,1
train_00269,Assess,2025-09-27 08:02:00,2
train_00269,Decide,2025-09-27 08:03:00,3
train_00269,Notify,2025-09-27 08:04:00,4
train_00269,Archive,2025-09-27 08:05:00,5
train_00270,Register,2025-09-28 08:00:00,0
train_00270,Check,2025-09-28 08:01:00,1
train_00270,Assess,2025-09-28 08:02:00,2
train_00270,Decide,2025-09-28 08:03:00,3
train_00270,Notify,2025-09-28 08:04:00,4
train_00270,Archive,2025-09-28 08:05:00,5
train_00271,Register,2025-09-29 08:00:00,0
train_00271,Check,2025-09-29 08:01:00,1
train_00271,Assess,2025-09-29 08:02:00,2
train_00271,Decide,2025-09-29 08:03:00,3
train_00271,Notify,2025-09-29 08:04:00,4
train_00271,Archive,2025-09-29 08:05:00,5
train_00272,Register,2025-09-30 08:00:00,0
train_00272,Check,2025-09-30 08:01:00,1
train_00272,Assess,2025-09-30 08:02:00,2
train_00272,Decide,2025-09-30 08:03:00,3
train_00272,Notify,2025-09-30 08:04:00,4
train_00272,Archive,2025-09-30 08:05:00,5
train_00273,Register,2025-10-01 08:00:00,0
train_00273,Check,2025-10-01 08:01:00,1
train_00273,Assess,2025-10-01 08:02:00,2
train_00273,Manual review,2025-10-01 08:03:00,3
train_00273,Rework,2025-10-01 08:04:00,4
train_00273,Assess,2025-10-01 08:05:00,5
train_00273,Decide,2025-10-01 08:06:00,6
train_00273,Notify,2025-10-01 08:07:00,7
train_00273,Archive,2025-10-01 08:08:00,8
train_00274,Register,2025-10-02 08:00:00,0
train_00274,Check,2025-10-02 08:01:00,1
train_00274,Assess,2025-10-02 08:02:00,2
train_00274,Decide,2025-10-02 08:03:00,3
train_00274,Notify,2025-10-02 08:04:00,4
train_00274,Archive,2025-10-02 08:05:00,5
train_00275,Register,2025-10-03 08:00:00,0
train_00275,Check,2025-10-03 08:01:00,1
train_00275,Assess,2025-10-03 08:02:00,2
train_00275,Manual review,2025-10-03 08:03:00,3
train_00275,Rework,2025-10-03 08:04:00,4
train_00275,Assess,2025-10-03 08:05:00,5
train_00275,Decide,2025-10-03 08:06:00,6
train_00275,Notify,2025-10-03 08:07:00,7
train_00275,Archive,2025-10-03 08:08:00,8
train_00276,Register,2025-10-04 08:00:00,0
train_00276,Check,2025-10-04 08:01:00,1
train_00276,Assess,2025-10-04 08:02:00,2
train_00276,Decide,2025-10-04 08:03:00,3
train_00276,Notify,2025-10-04 08:04:00,4
train_00276,Archive,2025-10-04 08:05:00,5
train_00277,Register,2025-10-05 08:00:00,0
train_00277,Check,2025-10-05 08:01:00,1
train_00277,Assess,2025-10-05 08:02:00,2
train_00277,Decide,2025-10-05 08:03:00,3
train_00277,Notify,2025-10-05 08:04:00,4
train_00277,Archive,2025-10-05 08:05:00,5
train_00278,Register,2025-10-06 08:00:00,0
train_00278,Check,2025-10-06 08:01:00,1
train_00278,Assess,2025-10-06 08:02:00,2
train_00278,Manual review,2025-10-06 08:03:00,3
train_00278,Rework,2025-10-06 08:04:00,4
train_00278,Assess,2025-10-06 08:05:00,5
train_00278,Decide,2025-10-06 08:06:00,6
train_00278,Notify,2025-10-06 08:07:00,7
train_00278,Archive,2025-10-06 08:08:00,8
train_00279,Register,2025-10-07 08:00:00,0
train_00279,Check,2025-10-07 08:01:00,1
train_00279,Assess,2025-10-07 08:02:00,2
train_00279,Decide,2025-10-07 08:03:00,3
train_00279,Notify,2025-10-07 08:04:00,4
train_00279,Archive,2025-10-07 08:05:00,5
train_00280,Register,2025-10-08 08:00:00,0
train_00280,Check,2025-10-08 08:01:00,1
train_00280,Assess,2025-10-08 08:02:00,2
train_00280,Manual review,2025-10-08 08:03:00,3
train_00280,Rework,2025-10-08 08:04:00,4
train_00280,Assess,2025-10-08 08:05:00,5
train_00280,Decide,2025-10-08 08:06:00,6
train_00280,Notify,2025-10-08 08:07:00,7
train_00280,Archive,2025-10-08 08:08:00,8
train_00281,Register,2025-10-09 08:00:00,0
train_00281,Check,2025-10-09 08:01:00,1
train_00281,Assess,2025-10-09 08:02:00,2
train_00281,Decide,2025-10-09 08:03:00,3
train_00281,Notify,2025-10-09 08:04:00,4
train_00281,Archive,2025-10-09 08:05:00,5
train_00282,Register,2025-10-10 08:00:00,0
train_00282,Check,2025-10-10 08:01:00,1
train_00282,Assess,2025-10-10 08:02:00,2
train_00282,Manual review,2025-10-10 08:03:00,3
train_00282,Rework,2025-10-10 08:04:00,4
train_00282,Assess,2025-10-10 08:05:00,5
train_00282,Decide,2025-10-10 08:06:00,6
train_00282,Notify,2025-10-10 08:07:00,7
train_00282,Archive,2025-10-10 08:08:00,8
train_00283,Register,2025-10-11 08:00:00,0
train_00283,Check,2025-10-11 08:01:00,1
train_00283,Assess,2025-10-11 08:02:00,2
train_00283,Decide,2025-10-11 08:03:00,3
train_00283,Notify,2025-10-11 08:04:00,4
train_00283,Archive,2025-10-11 08:05:00,5
train_00284,Register,2025-10-12 08:00:00,0
train_00284,Check,2025-10-12 08:01:00,1
train_00284,Assess,2025-10-12 08:02:00,2
train_00284,Decide,2025-10-12 08:03:00,3
train_00284,Notify,2025-10-12 08:04:00,4
train_00284,Archive,2025-10-12 08:05:00,5
train_00285,Register,2025-10-13 08:00:00,0
train_00285,Check,2025-10-13 08:01:00,1
train_00285,Assess,2025-10-13 08:02:00,2
train_00285,Decide,2025-10-13 08:03:00,3
train_00285,Notify,2025-10-13 08:04:00,4
train_00285,Archive,2025-10-13 08:05:00,5
train_00286,Register,2025-10-14 08:00:00,0
train_00286,Check,2025-10-14 08:01:00,1
train_00286,Assess,2025-10-14 08:02:00,2
train_00286,Decide,2025-10-14 08:03:00,3
train_00286,Notify,2025-10-14 08:04:00,4
train_00286,Archive,2025-10-14 08:05:00,5
train_00287,Register,2025-10-15 08:00:00,0
train_00287,Check,2025-10-15 08:01:00,1
train_00287,Assess,2025-10-15 08:02:00,2
train_00287,Manual review,2025-10-15 08:03:00,3
train_00287,Rework,2025-10-15 08:04:00,4
train_00287,Assess,2025-10-15 08:05:00,5
train_00287,Decide,2025-10-15 08:06:00,6
train_00287,Notify,2025-10-15 08:07:00,7
train_00287,Archive,2025-10-15 08:08:00,8
train_00288,Register,2025-10-16 08:00:00,0
train_00288,Check,2025-10-16 08:01:00,1
train_00288,Assess,2025-10-16 08:02:00,2
train_00288,Decide,2025-10-16 08:03:00,3
train_00288,Notify,2025-10-16 08:04:00,4
train_00288,Archive,2025-10-16 08:05:00,5
train_00289,Register,2025-10-17 08:00:00,0
train_00289,Check,2025-10-17 08:01:00,1
train_00289,Assess,2025-10-17 08:02:00,2
train_00289,Decide,2025-10-17 08:03:00,3
train_00289,Notify,2025-10-17 08:04:00,4
train_00289,Archive,2025-10-17 08:05:00,5
train_00290,Register,2025-10-18 08:00:00,0
train_00290,Check,2025-10-18 08:01:00,1
train_00290,Assess,2025-10-18 08:02:00,2
train_00290,Decide,2025-10-18 08:03:00,3
train_00290,Notify,2025-10-18 08:04:00,4
train_00290,Archive,2025-10-18 08:05:00,5
train_00291,Register,2025-10-19 08:00:00,0
train_00291,Check,2025-10-19 08:01:00,1
train_00291,Assess,2025-10-19 08:02:00,2
train_00291,Manual review,2025-10-19 08:03:00,3
train_00291,Rework,2025-10-19 08:04:00,4
train_00291,Assess,2025-10-19 08:05:00,5
train_00291,Decide,2025-10-19 08:06:00,6
train_00291,Notify,2025-10-19 08:07:00,7
train_00291,Archive,2025-10-19 08:08:00,8
train_00292,Register,2025-10-20 08:00:00,0
train_00292,Check,2025-10-20 08:01:00,1
train_00292,Assess,2025-10-20 08:02:00,2
train_00292,Decide,2025-10-20 08:03:00,3
train_00292,Notify,2025-10-20 08:04:00,4
train_00292,Archive,2025-10-20 08:05:00,5
train_00293,Register,2025-10-21 08:00:00,0
train_00293,Check,2025-10-21 08:01:00,1
train_00293,Assess,2025-10-21 08:02:00,2
train_00293,Manual review,2025-10-21 08:03:00,3
train_00293,Rework,2025-10-21 08:04:00,4
train_00293,Assess,2025-10-21 08:05:00,5
train_00293,Decide,2025-10-21 08:06:00,6
train_00293,Notify,2025-10-21 08:07:00,7
train_00293,Archive,2025-10-21 08:08:00,8
train_00294,Register,2025-10-22 08:00:00,0
train_00294,Check,2025-10-22 08:01:00,1
train_00294,Assess,2025-10-22 08:02:00,2
train_00294,Manual review,2025-10-22 08:03:00,3
train_00294,Rework,2025-10-22 08:04:00,4
train_00294,Assess,2025-10-22 08:05:00,5
train_00294,Decide,2025-10-22 08:06:00,6
train_00294,Notify,2025-10-22 08:07:00,7
train_00294,Archive,2025-10-22 08:08:00,8
train_00295,Register,2025-10-23 08:00:00,0
train_00295,Check,2025-10-23 08:01:00,1
train_00295,Assess,2025-10-23 08:02:00,2
train_00295,Decide,2025-10-23 08:03:00,3
train_00295,Notify,2025-10-23 08:04:00,4
train_00295,Archive,2025-10-23 08:05:00,5
train_00296,Register,2025-10-24 08:00:00,0
train_00296,Check,2025-10-24 08:01:00,1
train_00296,Assess,2025-10-24 08:02:00,2
train_00296,Manual review,2025-10-24 08:03:00,3
train_00296,Rework,2025-10-24 08:04:00,4
train_00296,Assess,2025-10-24 08:05:00,5
train_00296,Decide,2025-10-24 08:06:00,6
train_00296,Notify,2025-10-24 08:07:00,7
train_00296,Archive,2025-10-24 08:08:00,8
train_00297,Register,2025-10-25 08:00:00,0
train_00297,Check,2025-10-25 08:01:00,1
train_00297,Assess,2025-10-25 08:02:00,2
train_00297,Decide,2025-10-25 08:03:00,3
train_00297,Notify,2025-10-25 08:04:00,4
train_00297,Archive,2025-10-25 08:05:00,5
train_00298,Register,2025-10-26 08:00:00,0
train_00298,Check,2025-10-26 08:01:00,1
train_00298,Assess,2025-10-26 08:02:00,2
train_00298,Decide,2025-10-26 08:03:00,3
train_00298,Notify,2025-10-26 08:04:00,4
train_00298,Archive,2025-10-26 08:05:00,5
train_00299,Register,2025-10-27 08:00:00,0
train_00299,Check,2025-10-27 08:01:00,1
train_00299,Assess,2025-10-27 08:02:00,2
train_00299,Manual review,2025-10-27 08:03:00,3
train_00299,Rework,2025-10-27 08:04:00,4
train_00299,Assess,2025-10-27 08:05:00,5
train_00299,Decide,2025-10-27 08:06:00,6
train_00299,Notify,2025-10-27 08:07:00,7
train_00299,Archive,2025-10-27 08:08:00,8
train_00300,Register,2025-10-28 08:00:00,0
train_00300,Check,2025-10-28 08:01:00,1
train_00300,Assess,2025-10-28 08:02:00,2
train_00300,Decide,2025-10-28 08:03:00,3
train_00300,Notify,2025-10-28 08:04:00,4
train_00300,Archive,2025-10-28 08:05:00,5
train_00301,Register,2025-10-29 08:00:00,0
train_00301,Check,2025-10-29 08:01:00,1
train_00301,Assess,2025-10-29 08:02:00,2
train_00301,Manual review,2025-10-29 08:03:00,3
train_00301,Rework,2025-10-29 08:04:00,4
train_00301,Assess,2025-10-29 08:05:00,5
train_00301,Decide,2025-10-29 08:06:00,6
train_00301,Notify,2025-10-29 08:07:00,7
train_00301,Archive,2025-10-29 08:08:00,8
train_00302,Register,2025-10-30 08:00:00,0
train_00302,Check,2025-10-30 08:01:00,1
train_00302,Assess,2025-10-30 08:02:00,2
train_00302,Manual review,2025-10-30 08:03:00,3
train_00302,Rework,2025-10-30 08:04:00,4
train_00302,Assess,2025-10-30 08:05:00,5
train_00302,Decide,2025-10-30 08:06:00,6
train_00302,Notify,2025-10-30 08:07:00,7
train_00302,Archive,2025-10-30 08:08:00,8
train_00303,Register,2025-10-31 08:00:00,0
train_00303,Check,2025-10-31 08:01:00,1
train_00303,Assess,2025-10-31 08:02:00,2
train_00303,Decide,2025-10-31 08:03:00,3
train_00303,Notify,2025-10-31 08:04:00,4
train_00303,Archive,2025-10-31 08:05:00,5
train_00304,Register,2025-11-01 08:00:00,0
train_00304,Check,2025-11-01 08:01:00,1
train_00304,Assess,2025-11-01 08:02:00,2
train_00304,Decide,2025-11-01 08:03:00,3
train_00304,Notify,2025-11-01 08:04:00,4
train_00304,Archive,2025-11-01 08:05:00,5
train_00305,Register,2025-11-02 08:00:00,0
train_00305,Check,2025-11-02 08:01:00,1
train_00305,Assess,2025-11-02 08:02:00,2
train_00305,Manual review,2025-11-02 08:03:00,3
train_00305,Rework,2025-11-02 08:04:00,4
train_00305,Assess,2025-11-02 08:05:00,5
train_00305,Decide,2025-11-02 08:06:00,6
train_00305,Notify,2025-11-02 08:07:00,7
train_00305,Archive,2025-11-02 08:08:00,8
train_00306,Register,2025-11-03 08:00:00,0
train_00306,Check,2025-11-03 08:01:00,1
train_00306,Assess,2025-11-03 08:02:00,2
train_00306,Decide,2025-11-03 08:03:00,3
train_00306,Notify,2025-11-03 08:04:00,4
train_00306,Archive,2025-11-03 08:05:00,5
train_00307,Register,2025-11-04 08:00:00,0
train_00307,Check,2025-11-04 08:01:00,1
train_00307,Assess,2025-11-04 08:02:00,2
train_00307,Decide,2025-11-04 08:03:00,3
train_00307,Notify,2025-11-04 08:04:00,4
train_00307,Archive,2025-11-04 08:05:00,5
train_00308,Register,2025-11-05 08:00:00,0
train_00308,Check,2025-11-05 08:01:00,1
train_00308,Assess,2025-11-05 08:02:00,2
train_00308,Manual review,2025-11-05 08:03:00,3
train_00308,Rework,2025-11-05 08:04:00,4
train_00308,Assess,2025-11-05 08:05:00,5
train_00308,Decide,2025-11-05 08:06:00,6
train_00308,Notify,2025-11-05 08:07:00,7
train_00308,Archive,2025-11-05 08:08:00,8
train_00309,Register,2025-11-06 08:00:00,0
train_00309,Check,2025-11-06 08:01:00,1
train_00309,Assess,2025-11-06 08:02:00,2
train_00309,Decide,2025-11-06 08:03:00,3
train_00309,Notify,2025-11-06 08:04:00,4
train_00309,Archive,2025-11-06 08:05:00,5
train_00310,Register,2025-11-07 08:00:00,0
train_00310,Check,2025-11-07 08:01:00,1
train_00310,Assess,2025-11-07 08:02:00,2
train_00310,Manual review,2025-11-07 08:03:00,3
train_00310,Rework,2025-11-07 08:04:00,4
train_00310,Assess,2025-11-07 08:05:00,5
train_00310,Decide,2025-11-07 08:06:00,6
train_00310,Notify,2025-11-07 08:07:00,7
train_00310,Archive,2025-11-07 08:08:00,8
train_00311,Register,2025-11-08 08:00:00,0
train_00311,Check,2025-11-08 08:01:00,1
train_00311,Assess,2025-11-08 08:02:00,2
train_00311,Decide,2025-11-08 08:03:00,3
train_00311,Notify,2025-11-08 08:04:00,4
train_00311,Archive,2025-11-08 08:05:00,5
train_00312,Register,2025-11-09 08:00:00,0
train_00312,Check,2025-11-09 08:01:00,1
train_00312,Assess,2025-11-09 08:02:00,2
train_00312,Decide,2025-11-09 08:03:00,3
train_00312,Notify,2025-11-09 08:04:00,4
train_00312,Archive,2025-11-09 08:05:00,5
train_00313,Register,2025-11-10 08:00:00,0
train_00313,Check,2025-11-10 08:01:00,1
train_00313,Assess,2025-11-10 08:02:00,2
train_00313,Decide,2025-11-10 08:03:00,3
train_00313,Notify,2025-11-10 08:04:00,4
train_00313,Archive,2025-11-10 08:05:00,5
train_00314,Register,2025-11-11 08:00:00,0
train_00314,Check,2025-11-11 08:01:00,1
train_00314,Assess,2025-11-11 08:02:00,2
train_00314,Decide,2025-11-11 08:03:00,3
train_00314,Notify,2025-11-11 08:04:00,4
train_00314,Archive,2025-11-11 08:05:00,5
train_00315,Register,2025-11-12 08:00:00,0
train_00315,Check,2025-11-12 08:01:00,1
train_00315,Assess,2025-11-12 08:02:00,2
train_00315,Decide,2025-11-12 08:03:00,3
train_00315,Notify,2025-11-12 08:04:00,4
train_00315,Archive,2025-11-12 08:05:00,5
train_00316,Register,2025-11-13 08:00:00,0
train_00316,Check,2025-11-13 08:01:00,1
train_00316,Assess,2025-11-13 08:02:00,2
train_00316,Decide,2025-11-13 08:03:00,3
train_00316,Notify,2025-11-13 08:04:00,4
train_00316,Archive,2025-11-13 08:05:00,5
train_00317,Register,2025-11-14 08:00:00,0
train_00317,Check,2025-11-14 08:01:00,1
train_00317,Assess,2025-11-14 08:02:00,2
train_00317,Manual review,2025-11-14 08:03:00,3
train_00317,Rework,2025-11-14 08:04:00,4
train_00317,Assess,2025-11-14 08:05:00,5
train_00317,Decide,2025-11-14 08:06:00,6
train_00317,Notify,2025-11-14 08:07:00,7
train_00317,Archive,2025-11-14 08:08:00,8
train_00318,Register,2025-11-15 08:00:00,0
train_00318,Check,2025-11-15 08:01:00,1
train_00318,Assess,2025-11-15 08:02:00,2
train_00318,Decide,2025-11-15 08:03:00,3
train_00318,Notify,2025-11-15 08:04:00,4
train_00318,Archive,2025-11-15 08:05:00,5
train_00319,Register,2025-11-16 08:00:00,0
train_00319,Check,2025-11-16 08:01:00,1
train_00319,Assess,2025-11-16 08:02:00,2
train_00319,Manual review,2025-11-16 08:03:00,3
train_00319,Rework,2025-11-16 08:04:00,4
train_00319,Assess,2025-11-16 08:05:00,5
train_00319,Decide,2025-11-16 08:06:00,6
train_00319,Notify,2025-11-16 08:07:00,7
train_00319,Archive,2025-11-16 08:08:00,8
train_00320,Register,2025-11-17 08:00:00,0
train_00320,Check,2025-11-17 08:01:00,1
train_00320,Assess,2025-11-17 08:02:00,2
train_00320,Decide,2025-11-17 08:03:00,3
train_00320,Notify,2025-11-17 08:04:00,4
train_00320,Archive,2025-11-17 08:05:00,5
train_00321,Register,2025-11-18 08:00:00,0
train_00321,Check,2025-11-18 08:01:00,1
train_00321,Assess,2025-11-18 08:02:00,2
train_00321,Decide,2025-11-18 08:03:00,3
train_00321,Notify,2025-11-18 08:04:00,4
train_00321,Archive,2025-11-18 08:05:00,5
train_00322,Register,2025-11-19 08:00:00,0
train_00322,Check,2025-11-19 08:01:00,1
train_00322,Assess,2025-11-19 08:02:00,2
train_00322,Decide,2025-11-19 08:03:00,3
train_00322,Notify,2025-11-19 08:04:00,4
train_00322,Archive,2025-11-19 08:05:00,5
train_00323,Register,2025-11-20 08:00:00,0
train_00323,Check,2025-11-20 08:01:00,1
train_00323,Assess,2025-11-20 08:02:00,2
train_00323,Decide,2025-11-20 08:03:00,3
train_00323,Notify,2025-11-20 08:04:00,4
train_00323,Archive,2025-11-20 08:05:00,5
train_00324,Register,2025-11-21 08:00:00,0
train_00324,Check,2025-11-21 08:01:00,1
train_00324,Assess,2025-11-21 08:02:00,2
train_00324,Decide,2025-11-21 08:03:00,3
train_00324,Notify,2025-11-21 08:04:00,4
train_00324,Archive,2025-11-21 08:05:00,5
train_00325,Register,2025-11-22 08:00:00,0
train_00325,Check,2025-11-22 08:01:00,1
train_00325,Assess,2025-11-22 08:02:00,2
train_00325,Manual review,2025-11-22 08:03:00,3
train_00325,Rework,2025-11-22 08:04:00,4
train_00325,Assess,2025-11-22 08:05:00,5
train_00325,Decide,2025-11-22 08:06:00,6
train_00325,Notify,2025-11-22 08:07:00,7
train_00325,Archive,2025-11-22 08:08:00,8
train_00326,Register,2025-11-23 08:00:00,0
train_00326,Check,2025-11-23 08:01:00,1
train_00326,Assess,2025-11-23 08:02:00,2
train_00326,Decide,2025-11-23 08:03:00,3
train_00326,Notify,2025-11-23 08:04:00,4
train_00326,Archive,2025-11-23 08:05:00,5
train_00327,Register,2025-11-24 08:00:00,0
train_00327,Check,2025-11-24 08:01:00,1
train_00327,Assess,2025-11-24 08:02:00,2
train_00327,Manual review,2025-11-24 08:03:00,3
train_00327,Rework,2025-11-24 08:04:00,4
train_00327,Assess,2025-11-24 08:05:00,5
train_00327,Decide,2025-11-24 08:06:00,6
train_00327,Notify,2025-11-24 08:07:00,7
train_00327,Archive,2025-11-24 08:08:00,8
train_00328,Register,2025-11-25 08:00:00,0
train_00328,Check,2025-11-25 08:01:00,1
train_00328,Assess,2025-11-25 08:02:00,2
train_00328,Manual review,2025-11-25 08:03:00,3
train_00328,Rework,2025-11-25 08:04:00,4
train_00328,Assess,2025-11-25 08:05:00,5
train_00328,Decide,2025-11-25 08:06:00,6
train_00328,Notify,2025-11-25 08:07:00,7
train_00328,Archive,2025-11-25 08:08:00,8
train_00329,Register,2025-11-26 08:00:00,0
train_00329,Check,2025-11-26 08:01:00,1
train_00329,Assess,2025-11-26 08:02:00,2
train_00329,Decide,2025-11-26 08:03:00,3
train_00329,Notify,2025-11-26 08:04:00,4
train_00329,Archive,2025-11-26 08:05:00,5
train_00330,Register,2025-11-27 08:00:00,0
train_00330,Check,2025-11-27 08:01:00,1
train_00330,Assess,2025-11-27 08:02:00,2
train_00330,Decide,2025-11-27 08:03:00,3
train_00330,Notify,2025-11-27 08:04:00,4
train_00330,Archive,2025-11-27 08:05:00,5
train_00331,Register,2025-11-28 08:00:00,0
train_00331,Check,2025-11-28 08:01:00,1
train_00331,Assess,2025-11-28 08:02:00,2
train_00331,Decide,2025-11-28 08:03:00,3
train_00331,Notify,2025-11-28 08:04:00,4
train_00331,Archive,2025-11-28 08:05:00,5
train_00332,Register,2025-11-29 08:00:00,0
train_00332,Check,2025-11-29 08:01:00,1
train_00332,Assess,2025-11-29 08:02:00,2
train_00332,Manual review,2025-11-29 08:03:00,3
train_00332,Rework,2025-11-29 08:04:00,4
train_00332,Assess,2025-11-29 08:05:00,5
train_00332,Decide,2025-11-29 08:06:00,6
train_00332,Notify,2025-11-29 08:07:00,7
train_00332,Archive,2025-11-29 08:08:00,8
train_00333,Register,2025-11-30 08:00:00,0
train_00333,Check,2025-11-30 08:01:00,1
train_00333,Assess,2025-11-30 08:02:00,2
train_00333,Manual review,2025-11-30 08:03:00,3
train_00333,Rework,2025-11-30 08:04:00,4
train_00333,Assess,2025-11-30 08:05:00,5
train_00333,Decide,2025-11-30 08:06:00,6
train_00333,Notify,2025-11-30 08:07:00,7
train_00333,Archive,2025-11-30 08:08:00,8
train_00334,Register,2025-12-01 08:00:00,0
train_00334,Check,2025-12-01 08:01:00,1
train_00334,Assess,2025-12-01 08:02:00,2
train_00334,Manual review,2025-12-01 08:03:00,3
train_00334,Rework,2025-12-01 08:04:00,4
train_00334,Assess,2025-12-01 08:05:00,5
train_00334,Decide,2025-12-01 08:06:00,6
train_00334,Notify,2025-12-01 08:07:00,7
train_00334,Archive,2025-12-01 08:08:00,8
train_00335,Register,2025-12-02 08:00:00,0
train_00335,Check,2025-12-02 08:01:00,1
train_00335,Assess,2025-12-02 08:02:00,2
train_00335,Decide,2025-12-02 08:03:00,3
train_00335,Notify,2025-12-02 08:04:00,4
train_00335,Archive,2025-12-02 08:05:00,5
train_00336,Register,2025-12-03 08:00:00,0
train_00336,Check,2025-12-03 08:01:00,1
train_00336,Assess,2025-12-03 08:02:00,2
train_00336,Manual review,2025-12-03 08:03:00,3
train_00336,Rework,2025-12-03 08:04:00,4
train_00336,Assess,2025-12-03 08:05:00,5
train_00336,Decide,2025-12-03 08:06:00,6
train_00336,Notify,2025-12-03 08:07:00,7
train_00336,Archive,2025-12-03 08:08:00,8
train_00337,Register,2025-12-04 08:00:00,0
train_00337,Check,2025-12-04 08:01:00,1
train_00337,Assess,2025-12-04 08:02:00,2
train_00337,Manual review,2025-12-04 08:03:00,3
train_00337,Rework,2025-12-04 08:04:00,4
train_00337,Assess,2025-12-04 08:05:00,5
train_00337,Decide,2025-12-04 08:06:00,6
train_00337,Notify,2025-12-04 08:07:00,7
train_00337,Archive,2025-12-04 08:08:00,8
train_00338,Register,2025-12-05 08:00:00,0
train_00338,Check,2025-12-05 08:01:00,1
train_00338,Assess,2025-12-05 08:02:00,2
train_00338,Decide,2025-12-05 08:03:00,3
train_00338,Notify,2025-12-05 08:04:00,4
train_00338,Archive,2025-12-05 08:05:00,5
train_00339,Register,2025-12-06 08:00:00,0
train_00339,Check,2025-12-06 08:01:00,1
train_00339,Assess,2025-12-06 08:02:00,2
train_00339,Manual review,2025-12-06 08:03:00,3
train_00339,Rework,2025-12-06 08:04:00,4
train_00339,Assess,2025-12-06 08:05:00,5
train_00339,Decide,2025-12-06 08:06:00,6
train_00339,Notify,2025-12-06 08:07:00,7
train_00339,Archive,2025-12-06 08:08:00,8
train_00340,Register,2025-12-07 08:00:00,0
train_00340,Check,2025-12-07 08:01:00,1
train_00340,Assess,2025-12-07 08:02:00,2
train_00340,Decide,2025-12-07 08:03:00,3
train_00340,Notify,2025-12-07 08:04:00,4
train_00340,Archive,2025-12-07 08:05:00,5
train_00341,Register,2025-12-08 08:00:00,0
train_00341,Check,2025-12-08 08:01:00,1
train_00341,Assess,2025-12-08 08:02:00,2
train_00341,Decide,2025-12-08 08:03:00,3
train_00341,Notify,2025-12-08 08:04:00,4
train_00341,Archive,2025-12-08 08:05:00,5
train_00342,Register,2025-12-09 08:00:00,0
train_00342,Check,2025-12-09 08:01:00,1
train_00342,Assess,2025-12-09 08:02:00,2
train_00342,Manual review,2025-12-09 08:03:00,3
train_00342,Rework,2025-12-09 08:04:00,4
train_00342,Assess,2025-12-09 08:05:00,5
train_00342,Decide,2025-12-09 08:06:00,6
train_00342,Notify,2025-12-09 08:07:00,7
train_00342,Archive,2025-12-09 08:08:00,8
train_00343,Register,2025-12-10 08:00:00,0
train_00343,Check,2025-12-10 08:01:00,1
train_00343,Assess,2025-12-10 08:02:00,2
train_00343,Decide,2025-12-10 08:03:00,3
train_00343,Notify,2025-12-10 08:04:00,4
train_00343,Archive,2025-12-10 08:05:00,5
train_00344,Register,2025-12-11 08:00:00,0
train_00344,Check,2025-12-11 08:01:00,1
train_00344,Assess,2025-12-11 08:02:00,2
train_00344,Manual review,2025-12-11 08:03:00,3
train_00344,Rework,2025-12-11 08:04:00,4
train_00344,Assess,2025-12-11 08:05:00,5
train_00344,Decide,2025-12-11 08:06:00,6
train_00344,Notify,2025-12-11 08:07:00,7
train_00344,Archive,2025-12-11 08:08:00,8
train_00345,Register,2025-12-12 08:00:00,0
train_00345,Check,2025-12-12 08:01:00,1
train_00345,Assess,2025-12-12 08:02:00,2
train_00345,Decide,2025-12-12 08:03:00,3
train_00345,Notify,2025-12-12 08:04:00,4
train_00345,Archive,2025-12-12 08:05:00,5
train_00346,Register,2025-12-13 08:00:00,0
train_00346,Check,2025-12-13 08:01:00,1
train_00346,Assess,2025-12-13 08:02:00,2
train_00346,Manual review,2025-12-13 08:03:00,3
train_00346,Rework,2025-12-13 08:04:00,4
train_00346,Assess,2025-12-13 08:05:00,5
train_00346,Decide,2025-12-13 08:06:00,6
train_00346,Notify,2025-12-13 08:07:00,7
train_00346,Archive,2025-12-13 08:08:00,8
train_00347,Register,2025-12-14 08:00:00,0
train_00347,Check,2025-12-14 08:01:00,1
train_00347,Assess,2025-12-14 08:02:00,2
train_00347,Manual review,2025-12-14 08:03:00,3
train_00347,Rework,2025-12-14 08:04:00,4
train_00347,Assess,2025-12-14 08:05:00,5
train_00347,Decide,2025-12-14 08:06:00,6
train_00347,Notify,2025-12-14 08:07:00,7
train_00347,Archive,2025-12-14 08:08:00,8
train_00348,Register,2025-12-15 08:00:00,0
train_00348,Check,2025-12-15 08:01:00,1
train_00348,Assess,2025-12-15 08:02:00,2
train_00348,Manual review,2025-12-15 08:03:00,3
train_00348,Rework,2025-12-15 08:04:00,4
train_00348,Assess,2025-12-15 08:05:00,5
train_00348,Decide,2025-12-15 08:06:00,6
train_00348,Notify,2025-12-15 08:07:00,7
train_00348,Archive,2025-12-15 08:08:00,8
train_00349,Register,2025-12-16 08:00:00,0
train_00349,Check,2025-12-16 08:01:00,1
train_00349,Assess,2025-12-16 08:02:00,2
train_00349,Decide,2025-12-16 08:03:00,3
train_00349,Notify,2025-12-16 08:04:00,4
train_00349,Archive,2025-12-16 08:05:00,5
